 S 
 203  0.353893
 209  0.38032
 215  0.409167
 221  0.440696
 227  0.475204
 233  0.513027
 239  0.554543
 245  0.600183
 251  0.650434
 257  0.705852
 263  0.76707
 269  0.834812
 275  0.909907
 281  0.993309
 287  1.08611
 293  1.18959
 299  1.3052
 305  1.43464
 311  1.5799
 317  1.74329
 323  1.92751
 329  2.13575
 335  2.37176
 341  2.63997
 347  2.94566
 353  3.29511
 359  3.69583
 365  4.15687
 371  4.68915
 377  5.3059
 383  6.02326
 389  6.86102
 395  7.84352
 401  9.00095
 407  10.3709
 413  12.0007
 419  13.9497
 425  16.294
 431  19.1306
 437  22.5852
 443  26.8215
 449  32.055
 455  38.5719
 461  46.7572
 467  57.1334
 473  70.4203
 479  86.3211
 485  101.464
 491  114.168
 497  122.975
 503  126.803
 509  125.164
 515  118.268
 521  106.978
 527  92.6315
 533  77.0475
 539  64.3171
 545  54.4888
 551  46.7445
 557  40.5352
 563  35.4812
 569  31.3131
 575  27.8357
 581  24.9048
 587  22.4117
 593  20.2736
 599  18.4263
 605  16.8194
 611  15.413
 617  14.1752
 623  13.0802
 629  12.1067
 635  11.2376
 641  10.4584
 647  9.75724
 653  9.12397
 659  8.55014
 665  8.02857
 671  7.5531
 677  7.11847
 683  6.72014
 689  6.35419
 695  6.01721
 701  5.70622
 707  5.41863
 713  5.15215
 719  4.90478
 725  4.67472
 731  4.4604
 737  4.26043
 743  4.07355
 749  3.89865
 755  3.73472
 761  3.58088
 767  3.4363
 773  3.30027
 779  3.17213
 785  3.05127
 791  2.93716
 797  2.8293
 803  2.72725
 809  2.6306
 815  2.53898
 821  2.45203
 827  2.36946
 833  2.29097
 839  2.2163
 845  2.14521
 851  2.07746
 857  2.01287
 863  1.95122
 869  1.89235
 875  1.83609
 881  1.7823
 887  1.73082
 893  1.68153
 899  1.63431
 905  1.58904
 911  1.54562
 917  1.50394
 923  1.46392
 929  1.42547
 935  1.38851
 941  1.35296
 947  1.31875
 953  1.28581
 959  1.25409
 965  1.22353
 971  1.19406
 977  1.16564
 983  1.13822
 989  1.11175
 995  1.08619
 1001  1.06149
 1007  1.03763
 1013  1.01455
 1019  0.992237
 1025  0.970646
 1031  0.949749
 1037  0.929517
 1043  0.909921
 1049  0.890935
 1055  0.872535
 1061  0.854697
 1067  0.837397
 1073  0.820615
 1079  0.80433
 1085  0.788523
 1091  0.773175
 1097  0.758269
 1103  0.743788
 1109  0.729715
 1115  0.716037
 1121  0.702738
 1127  0.689804
 1133  0.677222
 1139  0.66498
 1145  0.653065
 1151  0.641466
 1157  0.630172
 1163  0.619172
 1169  0.608457
 1175  0.598016
 1181  0.58784
 1187  0.57792
 1193  0.568248
 1199  0.558816
 1205  0.549616
 1211  0.54064
 1217  0.531881
 1223  0.523332
 1229  0.514987
 1235  0.506839
 1241  0.498882
 1247  0.491109
 1253  0.483517
 1259  0.476098
 1265  0.468848
 1271  0.461761
 1277  0.454833
 1283  0.448059
 1289  0.441435
 1295  0.434955
 1301  0.428617
 1307  0.422416
 1313  0.416347
 1319  0.410408
 1325  0.404594
 1331  0.398903
 1337  0.39333
 1343  0.387872
 1349  0.382527
 1355  0.377291
 1361  0.372162
 1367  0.367135
 1373  0.36221
 1379  0.357382
 1385  0.35265
 1391  0.348011
 1397  0.343462
 1403  0.339002
 1409  0.334627
 1415  0.330336
 1421  0.326127
 1427  0.321997
 1433  0.317945
 1439  0.313968
 1445  0.310066
 1451  0.306235
 1457  0.302475
 1463  0.298783
 1469  0.295157
 1475  0.291598
 1481  0.288102
 1487  0.284668
 1493  0.281294
 1499  0.277981
 1505  0.274725
 1511  0.271525
 1517  0.268381
 1523  0.265291
 1529  0.262254
 1535  0.259269
 1541  0.256333
 1547  0.253448
 1553  0.25061
 1559  0.24782
 1565  0.245075
 1571  0.242376
 1577  0.239721
 1583  0.237109
 1589  0.23454
 1595  0.232012
 1601  0.229524
 1607  0.227076
 1613  0.224666
 1619  0.222295
 1625  0.219961
 1631  0.217663
 1637  0.215401
 1643  0.213173
 1649  0.21098
 1655  0.208821
 1661  0.206694
 1667  0.204599
 1673  0.202536
 1679  0.200504
 1685  0.198502
 1691  0.19653
 1697  0.194587
 1703  0.192673
 1709  0.190786
 1715  0.188927
 1721  0.187095
 1727  0.185289
 1733  0.183509
 1739  0.181755
 1745  0.180025
 1751  0.17832
 1757  0.176639
 1763  0.174982
 1769  0.173347
 1775  0.171735
 1781  0.170146
 1787  0.168578
 1793  0.167032
 1799  0.165507
 1805  0.164003
 1811  0.162518
 1817  0.161054
 1823  0.15961
 1829  0.158185
 1835  0.156778
 1841  0.15539
 1847  0.154021
 1853  0.152669
 1859  0.151335
 1865  0.150019
 1871  0.148719
 1877  0.147436
 1883  0.14617
 1889  0.14492
 1895  0.143685
 1901  0.142467
 1907  0.141263
 1913  0.140075
 1919  0.138902
 1925  0.137743
 1931  0.136599
 1937  0.135468
 1943  0.134352
 1949  0.133249
 1955  0.13216
 1961  0.131084
 1967  0.130021
 1973  0.128971
 1979  0.127933
 1985  0.126908
 1991  0.125895
 1997  0.124894

 SI 
 203  1.23224
 209  1.30994
 215  1.39373
 221  1.48415
 227  1.58186
 233  1.68756
 239  1.80202
 245  1.92613
 251  2.06085
 257  2.20728
 263  2.36665
 269  2.54031
 275  2.72982
 281  2.93691
 287  3.16355
 293  3.41196
 299  3.68465
 305  3.98447
 311  4.31469
 317  4.679
 323  5.08167
 329  5.52754
 335  6.02222
 341  6.57214
 347  7.18475
 353  7.86869
 359  8.63398
 365  9.49232
 371  10.4574
 377  11.5452
 383  12.7747
 389  14.1683
 395  15.7524
 401  17.5587
 407  19.6248
 413  21.9964
 419  24.7281
 425  27.8865
 431  31.5527
 437  35.8261
 443  40.8292
 449  46.7143
 455  53.671
 461  61.9381
 467  71.8176
 473  83.6949
 479  98.066
 485  114.226
 491  126.568
 497  132.849
 503  132.089
 509  124.407
 515  110.993
 521  93.8034
 527  75.2559
 533  60.1597
 539  48.8139
 545  40.1279
 551  33.3694
 557  28.0345
 563  23.7692
 569  20.3197
 575  17.5008
 581  15.1755
 587  13.2409
 593  11.6187
 599  10.2486
 605  9.08372
 611  8.0873
 617  7.23009
 623  6.48873
 629  5.84441
 635  5.28185
 641  4.78854
 647  4.35421
 653  3.97036
 659  3.62989
 665  3.32689
 671  3.05637
 677  2.81411
 683  2.59655
 689  2.40062
 695  2.22373
 701  2.06363
 707  1.91838
 713  1.78631
 719  1.66597
 725  1.5561
 731  1.45558
 737  1.36345
 743  1.27885
 749  1.20104
 755  1.12936
 761  1.06321
 767  1.00207
 773  0.945484
 779  0.893037
 785  0.844358
 791  0.799118
 797  0.75702
 803  0.717797
 809  0.68121
 815  0.647043
 821  0.615099
 827  0.585202
 833  0.557192
 839  0.530922
 845  0.506262
 851  0.483089
 857  0.461294
 863  0.440778
 869  0.421448
 875  0.40322
 881  0.386017
 887  0.369769
 893  0.35441
 899  0.339882
 905  0.326128
 911  0.313099
 917  0.300748
 923  0.289031
 929  0.277909
 935  0.267344
 941  0.257302
 947  0.247751
 953  0.238663
 959  0.230008
 965  0.221763
 971  0.213904
 977  0.206407
 983  0.199253
 989  0.192422
 995  0.185897
 1001  0.17966
 1007  0.173696
 1013  0.16799
 1019  0.162529
 1025  0.1573
 1031  0.15229
 1037  0.147489
 1043  0.142885
 1049  0.138468
 1055  0.13423
 1061  0.130162
 1067  0.126254
 1073  0.122499
 1079  0.118891
 1085  0.115421
 1091  0.112083
 1097  0.108872
 1103  0.10578
 1109  0.102804
 1115  0.0999367
 1121  0.097174
 1127  0.0945112
 1133  0.0919437
 1139  0.0894674
 1145  0.0870783
 1151  0.0847726
 1157  0.0825467
 1163  0.0803972
 1169  0.0783209
 1175  0.0763147
 1181  0.0743757
 1187  0.0725012
 1193  0.0706884
 1199  0.0689349
 1205  0.0672384
 1211  0.0655964
 1217  0.0640069
 1223  0.0624678
 1229  0.0609771
 1235  0.059533
 1241  0.0581336
 1247  0.0567772
 1253  0.0554623
 1259  0.0541872
 1265  0.0529505
 1271  0.0517507
 1277  0.0505866
 1283  0.0494567
 1289  0.0483598
 1295  0.0472948
 1301  0.0462605
 1307  0.0452558
 1313  0.0442797
 1319  0.0433311
 1325  0.0424092
 1331  0.0415129
 1337  0.0406415
 1343  0.039794
 1349  0.0389696
 1355  0.0381676
 1361  0.0373873
 1367  0.0366278
 1373  0.0358885
 1379  0.0351688
 1385  0.034468
 1391  0.0337855
 1397  0.0331207
 1403  0.032473
 1409  0.031842
 1415  0.031227
 1421  0.0306275
 1427  0.0300432
 1433  0.0294734
 1439  0.0289178
 1445  0.028376
 1451  0.0278474
 1457  0.0273318
 1463  0.0268286
 1469  0.0263376
 1475  0.0258584
 1481  0.0253906
 1487  0.0249339
 1493  0.024488
 1499  0.0240525
 1505  0.0236272
 1511  0.0232118
 1517  0.0228059
 1523  0.0224093
 1529  0.0220218
 1535  0.021643
 1541  0.0212728
 1547  0.0209109
 1553  0.0205571
 1559  0.0202111
 1565  0.0198728
 1571  0.0195418
 1577  0.0192181
 1583  0.0189015
 1589  0.0185917
 1595  0.0182885
 1601  0.0179919
 1607  0.0177015
 1613  0.0174173
 1619  0.0171391
 1625  0.0168667
 1631  0.0165999
 1637  0.0163388
 1643  0.016083
 1649  0.0158324
 1655  0.015587
 1661  0.0153466
 1667  0.015111
 1673  0.0148802
 1679  0.014654
 1685  0.0144323
 1691  0.014215
 1697  0.014002
 1703  0.0137932
 1709  0.0135885
 1715  0.0133878
 1721  0.013191
 1727  0.0129979
 1733  0.0128086
 1739  0.0126229
 1745  0.0124407
 1751  0.012262
 1757  0.0120866
 1763  0.0119145
 1769  0.0117457
 1775  0.01158
 1781  0.0114173
 1787  0.0112577
 1793  0.0111009
 1799  0.0109471
 1805  0.010796
 1811  0.0106477
 1817  0.0105021
 1823  0.0103591
 1829  0.0102186
 1835  0.0100806
 1841  0.00994509
 1847  0.00981195
 1853  0.00968116
 1859  0.00955266
 1865  0.00942639
 1871  0.00930232
 1877  0.00918039
 1883  0.00906056
 1889  0.00894278
 1895  0.00882701
 1901  0.00871321
 1907  0.00860134
 1913  0.00849135
 1919  0.00838321
 1925  0.00827688
 1931  0.00817231
 1937  0.00806949
 1943  0.00796836
 1949  0.00786889
 1955  0.00777106
 1961  0.00767483
 1967  0.00758015
 1973  0.00748702
 1979  0.00739538
 1985  0.00730522
 1991  0.0072165
 1997  0.0071292
