 S 
 203  0.217958
 209  0.233901
 215  0.251283
 221  0.270257
 227  0.290999
 233  0.313705
 239  0.338598
 245  0.365929
 251  0.395984
 257  0.429089
 263  0.465614
 269  0.505983
 275  0.550679
 281  0.600258
 287  0.655361
 293  0.716726
 299  0.785207
 305  0.861794
 311  0.947639
 317  1.04409
 323  1.15271
 329  1.27536
 335  1.41422
 341  1.57187
 347  1.75135
 353  1.95633
 359  2.19117
 365  2.46112
 371  2.77252
 377  3.13305
 383  3.55211
 389  4.04117
 395  4.61442
 401  5.28943
 407  6.0881
 413  7.03798
 419  8.17388
 425  9.54015
 431  11.1937
 437  13.2085
 443  15.6807
 449  18.7376
 455  22.5489
 461  27.3432
 467  33.4328
 473  41.2495
 479  50.7485
 485  59.8688
 491  67.5348
 497  72.8459
 503  75.1332
 509  74.0984
 515  69.8772
 521  63.0104
 527  54.3299
 533  45.1628
 539  37.8741
 545  32.1995
 551  27.6977
 557  24.068
 563  21.1001
 569  18.6431
 575  16.5868
 581  14.8491
 587  13.3677
 593  12.0948
 599  10.9934
 605  10.0341
 611  9.1936
 617  8.45321
 623  7.79772
 629  7.2147
 635  6.69392
 641  6.22687
 647  5.80645
 653  5.4267
 659  5.08256
 665  4.76975
 671  4.48459
 677  4.22394
 683  3.98509
 689  3.76569
 695  3.56369
 701  3.37731
 707  3.205
 713  3.04538
 719  2.89724
 725  2.75952
 731  2.63126
 737  2.51163
 743  2.39987
 749  2.29531
 755  2.19735
 761  2.10545
 767  2.01913
 773  1.93793
 779  1.86148
 785  1.7894
 791  1.72138
 797  1.65711
 803  1.59632
 809  1.53878
 815  1.48426
 821  1.43254
 827  1.38344
 833  1.3368
 839  1.29244
 845  1.25022
 851  1.21002
 857  1.17169
 863  1.13514
 869  1.10024
 875  1.06691
 881  1.03505
 887  1.00458
 893  0.97542
 899  0.947492
 905  0.92073
 911  0.895072
 917  0.870457
 923  0.84683
 929  0.82414
 935  0.802337
 941  0.781377
 947  0.761216
 953  0.741816
 959  0.723138
 965  0.705147
 971  0.68781
 977  0.671097
 983  0.654977
 989  0.639423
 995  0.624409
 1001  0.609911
 1007  0.595906
 1013  0.582371
 1019  0.569285
 1025  0.55663
 1031  0.544387
 1037  0.532537
 1043  0.521066
 1049  0.509956
 1055  0.499192
 1061  0.488762
 1067  0.47865
 1073  0.468845
 1079  0.459334
 1085  0.450106
 1091  0.441149
 1097  0.432453
 1103  0.424009
 1109  0.415806
 1115  0.407836
 1121  0.400089
 1127  0.392558
 1133  0.385235
 1139  0.378113
 1145  0.371183
 1151  0.364439
 1157  0.357876
 1163  0.351485
 1169  0.345262
 1175  0.3392
 1181  0.333295
 1187  0.32754
 1193  0.321931
 1199  0.316463
 1205  0.311131
 1211  0.305931
 1217  0.300859
 1223  0.29591
 1229  0.29108
 1235  0.286366
 1241  0.281764
 1247  0.277271
 1253  0.272883
 1259  0.268596
 1265  0.264409
 1271  0.260317
 1277  0.256319
 1283  0.25241
 1289  0.248589
 1295  0.244853
 1301  0.2412
 1307  0.237626
 1313  0.23413
 1319  0.23071
 1325  0.227363
 1331  0.224088
 1337  0.220882
 1343  0.217743
 1349  0.214669
 1355  0.21166
 1361  0.208712
 1367  0.205825
 1373  0.202996
 1379  0.200225
 1385  0.197509
 1391  0.194847
 1397  0.192238
 1403  0.18968
 1409  0.187173
 1415  0.184714
 1421  0.182302
 1427  0.179937
 1433  0.177617
 1439  0.175341
 1445  0.173107
 1451  0.170916
 1457  0.168765
 1463  0.166654
 1469  0.164582
 1475  0.162548
 1481  0.160551
 1487  0.15859
 1493  0.156664
 1499  0.154772
 1505  0.152914
 1511  0.151089
 1517  0.149296
 1523  0.147534
 1529  0.145803
 1535  0.144102
 1541  0.14243
 1547  0.140786
 1553  0.13917
 1559  0.137582
 1565  0.13602
 1571  0.134484
 1577  0.132974
 1583  0.131489
 1589  0.130028
 1595  0.128591
 1601  0.127177
 1607  0.125787
 1613  0.124418
 1619  0.123072
 1625  0.121747
 1631  0.120443
 1637  0.119159
 1643  0.117896
 1649  0.116652
 1655  0.115428
 1661  0.114223
 1667  0.113036
 1673  0.111867
 1679  0.110716
 1685  0.109582
 1691  0.108466
 1697  0.107366
 1703  0.106283
 1709  0.105216
 1715  0.104164
 1721  0.103128
 1727  0.102107
 1733  0.101102
 1739  0.10011
 1745  0.0991331
 1751  0.0981701
 1757  0.0972209
 1763  0.0962851
 1769  0.0953627
 1775  0.0944532
 1781  0.0935565
 1787  0.0926724
 1793  0.0918006
 1799  0.0909408
 1805  0.0900929
 1811  0.0892566
 1817  0.0884317
 1823  0.0876181
 1829  0.0868155
 1835  0.0860238
 1841  0.0852426
 1847  0.0844719
 1853  0.0837115
 1859  0.0829611
 1865  0.0822207
 1871  0.08149
 1877  0.0807688
 1883  0.0800571
 1889  0.0793546
 1895  0.0786611
 1901  0.0779766
 1907  0.0773009
 1913  0.0766338
 1919  0.0759751
 1925  0.0753249
 1931  0.0746828
 1937  0.0740487
 1943  0.0734226
 1949  0.0728043
 1955  0.0721937
 1961  0.0715906
 1967  0.0709949
 1973  0.0704065
 1979  0.0698254
 1985  0.0692512
 1991  0.0686841
 1997  0.0681238

 SI 
 203  0.0544938
 209  0.0627337
 215  0.0722481
 221  0.0832389
 227  0.0959402
 233  0.110624
 239  0.127608
 245  0.147259
 251  0.170006
 257  0.196349
 263  0.226867
 269  0.262239
 275  0.303253
 281  0.350831
 287  0.406046
 293  0.470152
 299  0.544614
 305  0.631143
 311  0.731739
 317  0.848741
 323  0.984885
 329  1.14338
 335  1.32796
 341  1.54305
 347  1.79377
 353  2.08619
 359  2.42739
 365  2.82568
 371  3.29086
 377  3.8344
 383  4.46982
 389  5.21299
 395  6.0826
 401  7.10068
 407  8.29313
 413  9.69053
 419  11.3289
 425  13.2508
 431  15.5063
 437  18.1547
 443  21.2661
 449  24.9233
 455  29.2241
 461  34.2845
 467  40.2418
 473  47.2585
 479  55.5166
 485  63.4795
 491  69.2961
 497  72.2186
 503  71.8546
 509  68.2535
 515  61.8956
 521  53.5871
 527  44.292
 533  35.749
 539  29.119
 545  23.9249
 551  19.8144
 557  16.531
 563  13.8856
 569  11.7372
 575  9.97958
 581  8.53163
 587  7.33112
 593  6.32976
 599  5.48979
 605  4.78145
 611  4.18112
 617  3.66994
 623  3.23273
 629  2.8572
 635  2.53337
 641  2.25306
 647  2.00955
 653  1.79728
 659  1.61164
 665  1.44879
 671  1.3055
 677  1.17907
 683  1.06721
 689  0.967979
 695  0.879739
 701  0.801082
 707  0.730807
 713  0.667882
 719  0.611419
 725  0.560651
 731  0.514914
 737  0.473632
 743  0.436301
 749  0.402486
 755  0.371802
 761  0.343914
 767  0.318527
 773  0.29538
 779  0.274246
 785  0.254921
 791  0.237225
 797  0.220999
 803  0.206103
 809  0.192408
 815  0.179804
 821  0.168188
 827  0.157472
 833  0.147574
 839  0.138421
 845  0.129949
 851  0.122099
 857  0.114818
 863  0.108057
 869  0.101774
 875  0.0959292
 881  0.0904873
 887  0.0854158
 893  0.0806856
 899  0.0762698
 905  0.0721442
 911  0.0682866
 917  0.0646767
 923  0.061296
 929  0.0581276
 935  0.055156
 941  0.052367
 947  0.0497474
 953  0.0472853
 959  0.0449697
 965  0.0427904
 971  0.0407381
 977  0.0388042
 983  0.0369806
 989  0.0352602
 995  0.033636
 1001  0.0321018
 1007  0.0306518
 1013  0.0292805
 1019  0.0279831
 1025  0.0267549
 1031  0.0255916
 1037  0.0244891
 1043  0.0234438
 1049  0.0224522
 1055  0.0215111
 1061  0.0206175
 1067  0.0197686
 1073  0.0189618
 1079  0.0181946
 1085  0.0174649
 1091  0.0167703
 1097  0.0161091
 1103  0.0154792
 1109  0.0148791
 1115  0.0143069
 1121  0.0137613
 1127  0.0132407
 1133  0.0127439
 1139  0.0122695
 1145  0.0118165
 1151  0.0113835
 1157  0.0109697
 1163  0.0105741
 1169  0.0101956
 1175  0.00983347
 1181  0.00948685
 1187  0.00915496
 1193  0.00883706
 1199  0.00853248
 1205  0.00824056
 1211  0.00796068
 1217  0.00769227
 1223  0.00743477
 1229  0.00718767
 1235  0.00695047
 1241  0.00672272
 1247  0.00650397
 1253  0.00629381
 1259  0.00609184
 1265  0.00589769
 1271  0.005711
 1277  0.00553145
 1283  0.00535871
 1289  0.00519248
 1295  0.00503247
 1301  0.00487841
 1307  0.00473005
 1313  0.00458713
 1319  0.00444942
 1325  0.0043167
 1331  0.00418876
 1337  0.0040654
 1343  0.00394643
 1349  0.00383165
 1355  0.00372091
 1361  0.00361403
 1367  0.00351086
 1373  0.00341125
 1379  0.00331505
 1385  0.00322212
 1391  0.00313234
 1397  0.00304558
 1403  0.00296172
 1409  0.00288065
 1415  0.00280226
 1421  0.00272645
 1427  0.00265312
 1433  0.00258216
 1439  0.0025135
 1445  0.00244705
 1451  0.00238272
 1457  0.00232043
 1463  0.0022601
 1469  0.00220168
 1475  0.00214507
 1481  0.00209023
 1487  0.00203708
 1493  0.00198556
 1499  0.00193562
 1505  0.00188719
 1511  0.00184023
 1517  0.00179468
 1523  0.00175049
 1529  0.00170762
 1535  0.00166602
 1541  0.00162564
 1547  0.00158644
 1553  0.00154839
 1559  0.00151144
 1565  0.00147556
 1571  0.0014407
 1577  0.00140684
 1583  0.00137394
 1589  0.00134198
 1595  0.00131091
 1601  0.00128071
 1607  0.00125135
 1613  0.00122281
 1619  0.00119505
 1625  0.00116805
 1631  0.00114179
 1637  0.00111625
 1643  0.0010914
 1649  0.00106721
 1655  0.00104368
 1661  0.00102077
 1667  0.000998465
 1673  0.000976753
 1679  0.000955612
 1685  0.000935025
 1691  0.000914973
 1697  0.000895442
 1703  0.000876415
 1709  0.000857877
 1715  0.000839813
 1721  0.000822209
 1727  0.000805051
 1733  0.000788326
 1739  0.000772022
 1745  0.000756126
 1751  0.000740625
 1757  0.000725509
 1763  0.000710765
 1769  0.000696385
 1775  0.000682356
 1781  0.000668669
 1787  0.000655314
 1793  0.000642282
 1799  0.000629563
 1805  0.000617149
 1811  0.000605031
 1817  0.000593201
 1823  0.000581651
 1829  0.000570373
 1835  0.000559359
 1841  0.000548603
 1847  0.000538097
 1853  0.000527834
 1859  0.000517809
 1865  0.000508013
 1871  0.000498442
 1877  0.000489089
 1883  0.000479949
 1889  0.000471015
 1895  0.000462282
 1901  0.000453745
 1907  0.000445399
 1913  0.000437239
 1919  0.000429259
 1925  0.000421456
 1931  0.000413825
 1937  0.000406361
 1943  0.000399059
 1949  0.000391917
 1955  0.000384929
 1961  0.000378092
 1967  0.000371402
 1973  0.000364855
 1979  0.000358448
 1985  0.000352177
 1991  0.000346038
 1997  0.00034003
