 S 
 203  0.235854
 209  0.259172
 215  0.285911
 221  0.316754
 227  0.352555
 233  0.3944
 239  0.443682
 245  0.502211
 251  0.572368
 257  0.657337
 263  0.761444
 269  0.890678
 275  1.05351
 281  1.2622
 287  1.53502
 293  1.90006
 299  2.40223
 305  3.1166
 311  4.17586
 317  5.83142
 323  8.60387
 329  13.7075
 335  24.4938
 341  52.9485
 347  118.294
 353  124.899
 359  61.0261
 365  30.1944
 371  18.409
 377  12.5644
 383  9.20458
 389  7.07916
 395  5.64104
 401  4.61814
 407  3.86197
 413  3.28556
 419  2.83505
 425  2.47555
 431  2.1836
 437  1.94291
 443  1.7419
 449  1.57211
 455  1.42725
 461  1.30255
 467  1.19436
 473  1.09982
 479  1.01666
 485  0.943097
 491  0.877665
 497  0.81918
 503  0.76667
 509  0.719327
 515  0.676478
 521  0.637558
 527  0.602088
 533  0.569663
 539  0.539934
 545  0.512603
 551  0.487412
 557  0.464139
 563  0.442587
 569  0.422588
 575  0.403991
 581  0.386665
 587  0.370494
 593  0.355375
 599  0.341215
 605  0.327934
 611  0.315458
 617  0.303722
 623  0.292667
 629  0.282239
 635  0.272391
 641  0.26308
 647  0.254266
 653  0.245913
 659  0.237989
 665  0.230465
 671  0.223312
 677  0.216507
 683  0.210027
 689  0.20385
 695  0.197958
 701  0.192333
 707  0.186958
 713  0.181818
 719  0.176901
 725  0.172191
 731  0.167679
 737  0.163352
 743  0.1592
 749  0.155214
 755  0.151385
 761  0.147704
 767  0.144164
 773  0.140757
 779  0.137476
 785  0.134316
 791  0.13127
 797  0.128333
 803  0.125499
 809  0.122763
 815  0.120121
 821  0.117569
 827  0.115102
 833  0.112717
 839  0.110409
 845  0.108176
 851  0.106014
 857  0.10392
 863  0.101891
 869  0.0999243
 875  0.0980176
 881  0.0961682
 887  0.0943738
 893  0.0926322
 899  0.0909413
 905  0.089299
 911  0.0877035
 917  0.086153
 923  0.0846457
 929  0.08318
 935  0.0817543
 941  0.0803671
 947  0.0790171
 953  0.0777029
 959  0.0764232
 965  0.0751768
 971  0.0739624
 977  0.072779
 983  0.0716255
 989  0.0705008
 995  0.0694041
 1001  0.0683342
 1007  0.0672905
 1013  0.0662719
 1019  0.0652776
 1025  0.0643069
 1031  0.0633591
 1037  0.0624333
 1043  0.0615288
 1049  0.0606451
 1055  0.0597814
 1061  0.0589372
 1067  0.0581118
 1073  0.0573047
 1079  0.0565153
 1085  0.0557431
 1091  0.0549875
 1097  0.0542482
 1103  0.0535246
 1109  0.0528162
 1115  0.0521227
 1121  0.0514435
 1127  0.0507784
 1133  0.0501268
 1139  0.0494885
 1145  0.0488631
 1151  0.0482501
 1157  0.0476493
 1163  0.0470603
 1169  0.0464829
 1175  0.0459167
 1181  0.0453614
 1187  0.0448167
 1193  0.0442823
 1199  0.0437581
 1205  0.0432436
 1211  0.0427388
 1217  0.0422432
 1223  0.0417568
 1229  0.0412792
 1235  0.0408103
 1241  0.0403498
 1247  0.0398975
 1253  0.0394533
 1259  0.0390168
 1265  0.0385881
 1271  0.0381668
 1277  0.0377527
 1283  0.0373458
 1289  0.0369459
 1295  0.0365527
 1301  0.0361661
 1307  0.035786
 1313  0.0354123
 1319  0.0350447
 1325  0.0346832
 1331  0.0343275
 1337  0.0339777
 1343  0.0336335
 1349  0.0332948
 1355  0.0329615
 1361  0.0326336
 1367  0.0323107
 1373  0.031993
 1379  0.0316802
 1385  0.0313722
 1391  0.031069
 1397  0.0307704
 1403  0.0304764
 1409  0.0301868
 1415  0.0299016
 1421  0.0296207
 1427  0.0293439
 1433  0.0290712
 1439  0.0288026
 1445  0.0285379
 1451  0.028277
 1457  0.02802
 1463  0.0277666
 1469  0.0275168
 1475  0.0272707
 1481  0.027028
 1487  0.0267887
 1493  0.0265528
 1499  0.0263202
 1505  0.0260908
 1511  0.0258646
 1517  0.0256415
 1523  0.0254215
 1529  0.0252044
 1535  0.0249903
 1541  0.0247791
 1547  0.0245707
 1553  0.024365
 1559  0.0241621
 1565  0.0239619
 1571  0.0237643
 1577  0.0235693
 1583  0.0233769
 1589  0.0231869
 1595  0.0229994
 1601  0.0228143
 1607  0.0226315
 1613  0.0224511
 1619  0.0222729
 1625  0.022097
 1631  0.0219233
 1637  0.0217518
 1643  0.0215824
 1649  0.0214151
 1655  0.0212498
 1661  0.0210866
 1667  0.0209253
 1673  0.0207661
 1679  0.0206087
 1685  0.0204532
 1691  0.0202996
 1697  0.0201478
 1703  0.0199979
 1709  0.0198496
 1715  0.0197032
 1721  0.0195584
 1727  0.0194154
 1733  0.019274
 1739  0.0191342
 1745  0.018996
 1751  0.0188595
 1757  0.0187244
 1763  0.018591
 1769  0.018459
 1775  0.0183285
 1781  0.0181995
 1787  0.0180719
 1793  0.0179457
 1799  0.017821
 1805  0.0176976
 1811  0.0175755
 1817  0.0174548
 1823  0.0173355
 1829  0.0172174
 1835  0.0171006
 1841  0.016985
 1847  0.0168707
 1853  0.0167576
 1859  0.0166457
 1865  0.016535
 1871  0.0164255
 1877  0.0163171
 1883  0.0162099
 1889  0.0161037
 1895  0.0159987
 1901  0.0158948
 1907  0.0157919
 1913  0.0156901
 1919  0.0155893
 1925  0.0154896
 1931  0.0153909
 1937  0.0152932
 1943  0.0151964
 1949  0.0151006
 1955  0.0150058
 1961  0.014912
 1967  0.014819
 1973  0.014727
 1979  0.0146359
 1985  0.0145457
 1991  0.0144564
 1997  0.0143679

 SI 
 203  0.281127
 209  0.312337
 215  0.348452
 221  0.39049
 227  0.439734
 233  0.49782
 239  0.566855
 245  0.649584
 251  0.749632
 257  0.871848
 263  1.02283
 269  1.21169
 275  1.45131
 281  1.76023
 287  2.16588
 293  2.70994
 299  3.458
 305  4.51721
 311  6.07109
 317  8.45198
 323  12.3052
 329  19
 335  31.802
 341  59.8745
 347  121.202
 353  123.358
 359  55.6076
 365  25.1763
 371  14.169
 377  9.02215
 383  6.22149
 389  4.5361
 395  3.44631
 401  2.7026
 407  2.17329
 413  1.78368
 419  1.48889
 425  1.26064
 431  1.08045
 437  0.935792
 443  0.817963
 449  0.72076
 455  0.639668
 461  0.571337
 467  0.513242
 473  0.46345
 479  0.420463
 485  0.383102
 491  0.350436
 497  0.321714
 503  0.296331
 509  0.273792
 515  0.253692
 521  0.235693
 527  0.219514
 533  0.20492
 539  0.191712
 545  0.179721
 551  0.168804
 557  0.158836
 563  0.149712
 569  0.14134
 575  0.13364
 581  0.126542
 587  0.119987
 593  0.113919
 599  0.108294
 605  0.103068
 611  0.0982053
 617  0.0936735
 623  0.0894432
 629  0.0854886
 635  0.0817863
 641  0.0783155
 647  0.0750574
 653  0.0719953
 659  0.0691137
 665  0.0663989
 671  0.0638384
 677  0.0614208
 683  0.0591357
 689  0.0569737
 695  0.0549262
 701  0.0529853
 707  0.0511438
 713  0.0493951
 719  0.0477331
 725  0.0461522
 731  0.0446473
 737  0.0432135
 743  0.0418466
 749  0.0405425
 755  0.0392974
 761  0.0381078
 767  0.0369706
 773  0.0358826
 779  0.0348412
 785  0.0338437
 791  0.0328878
 797  0.0319711
 803  0.0310915
 809  0.0302472
 815  0.0294362
 821  0.0286568
 827  0.0279075
 833  0.0271867
 839  0.026493
 845  0.0258251
 851  0.0251817
 857  0.0245617
 863  0.0239638
 869  0.0233872
 875  0.0228308
 881  0.0222937
 887  0.021775
 893  0.0212739
 899  0.0207896
 905  0.0203213
 911  0.0198685
 917  0.0194303
 923  0.0190063
 929  0.0185957
 935  0.0181981
 941  0.0178129
 947  0.0174396
 953  0.0170777
 959  0.0167268
 965  0.0163863
 971  0.016056
 977  0.0157354
 983  0.0154242
 989  0.0151219
 995  0.0148283
 1001  0.014543
 1007  0.0142658
 1013  0.0139962
 1019  0.0137341
 1025  0.0134792
 1031  0.0132311
 1037  0.0129898
 1043  0.0127549
 1049  0.0125261
 1055  0.0123034
 1061  0.0120865
 1067  0.0118751
 1073  0.0116692
 1079  0.0114684
 1085  0.0112728
 1091  0.011082
 1097  0.0108959
 1103  0.0107144
 1109  0.0105373
 1115  0.0103645
 1121  0.0101958
 1127  0.0100311
 1133  0.00987036
 1139  0.00971337
 1145  0.00956002
 1151  0.00941022
 1157  0.00926385
 1163  0.00912081
 1169  0.008981
 1175  0.00884432
 1181  0.00871069
 1187  0.00858001
 1193  0.0084522
 1199  0.00832718
 1205  0.00820486
 1211  0.00808518
 1217  0.00796804
 1223  0.0078534
 1229  0.00774116
 1235  0.00763127
 1241  0.00752367
 1247  0.00741829
 1253  0.00731507
 1259  0.00721395
 1265  0.00711487
 1271  0.00701779
 1277  0.00692265
 1283  0.0068294
 1289  0.00673798
 1295  0.00664836
 1301  0.00656049
 1307  0.00647431
 1313  0.00638979
 1319  0.00630689
 1325  0.00622556
 1331  0.00614577
 1337  0.00606748
 1343  0.00599065
 1349  0.00591524
 1355  0.00584123
 1361  0.00576857
 1367  0.00569723
 1373  0.00562719
 1379  0.00555841
 1385  0.00549086
 1391  0.00542451
 1397  0.00535934
 1403  0.00529531
 1409  0.00523241
 1415  0.0051706
 1421  0.00510986
 1427  0.00505016
 1433  0.00499149
 1439  0.00493382
 1445  0.00487712
 1451  0.00482138
 1457  0.00476657
 1463  0.00471268
 1469  0.00465968
 1475  0.00460755
 1481  0.00455628
 1487  0.00450584
 1493  0.00445622
 1499  0.00440741
 1505  0.00435937
 1511  0.00431211
 1517  0.00426559
 1523  0.00421981
 1529  0.00417475
 1535  0.0041304
 1541  0.00408674
 1547  0.00404375
 1553  0.00400143
 1559  0.00395976
 1565  0.00391872
 1571  0.00387831
 1577  0.00383851
 1583  0.0037993
 1589  0.00376069
 1595  0.00372265
 1601  0.00368517
 1607  0.00364825
 1613  0.00361187
 1619  0.00357602
 1625  0.0035407
 1631  0.00350588
 1637  0.00347157
 1643  0.00343775
 1649  0.00340441
 1655  0.00337155
 1661  0.00333915
 1667  0.00330721
 1673  0.00327572
 1679  0.00324467
 1685  0.00321405
 1691  0.00318385
 1697  0.00315407
 1703  0.0031247
 1709  0.00309573
 1715  0.00306716
 1721  0.00303897
 1727  0.00301116
 1733  0.00298372
 1739  0.00295665
 1745  0.00292994
 1751  0.00290359
 1757  0.00287758
 1763  0.00285192
 1769  0.00282659
 1775  0.00280159
 1781  0.00277692
 1787  0.00275256
 1793  0.00272852
 1799  0.00270478
 1805  0.00268135
 1811  0.00265822
 1817  0.00263538
 1823  0.00261283
 1829  0.00259056
 1835  0.00256857
 1841  0.00254685
 1847  0.0025254
 1853  0.00250422
 1859  0.0024833
 1865  0.00246264
 1871  0.00244222
 1877  0.00242206
 1883  0.00240214
 1889  0.00238246
 1895  0.00236302
 1901  0.00234381
 1907  0.00232483
 1913  0.00230608
 1919  0.00228754
 1925  0.00226923
 1931  0.00225113
 1937  0.00223324
 1943  0.00221557
 1949  0.00219809
 1955  0.00218082
 1961  0.00216375
 1967  0.00214688
 1973  0.0021302
 1979  0.0021137
 1985  0.0020974
 1991  0.00208128
 1997  0.00206534
