 S 
 203  0.412128
 209  0.452395
 215  0.498526
 221  0.551682
 227  0.61332
 233  0.685286
 239  0.769951
 245  0.870386
 251  0.990636
 257  1.1361
 263  1.31411
 269  1.5348
 275  1.8125
 281  2.16795
 287  2.63201
 293  3.25211
 299  4.10402
 305  5.31439
 311  7.1071
 317  9.90652
 323  14.5926
 329  23.2233
 335  41.508
 341  90.085
 347  201.377
 353  213.228
 359  104.677
 365  51.4601
 371  31.2929
 377  21.3316
 383  15.618
 389  12.0083
 395  9.56792
 401  7.83303
 407  6.55097
 413  5.57388
 419  4.8103
 425  4.20101
 431  3.7062
 437  3.29827
 443  2.95758
 449  2.66978
 455  2.42421
 461  2.21281
 467  2.02937
 473  1.86906
 479  1.72804
 485  1.60328
 491  1.49229
 497  1.39308
 503  1.30399
 509  1.22366
 515  1.15094
 521  1.08489
 527  1.02468
 533  0.969639
 539  0.919166
 545  0.87276
 551  0.829984
 557  0.790458
 563  0.753853
 569  0.719881
 575  0.688287
 581  0.65885
 587  0.631372
 593  0.605679
 599  0.581614
 605  0.55904
 611  0.537833
 617  0.517881
 623  0.499084
 629  0.481354
 635  0.464607
 641  0.448772
 647  0.43378
 653  0.419572
 659  0.406093
 665  0.393292
 671  0.381122
 677  0.369543
 683  0.358515
 689  0.348003
 695  0.337975
 701  0.3284
 707  0.319251
 713  0.310501
 719  0.302129
 725  0.294111
 731  0.286427
 737  0.279058
 743  0.271988
 749  0.265199
 755  0.258677
 761  0.252407
 767  0.246376
 773  0.240571
 779  0.234982
 785  0.229597
 791  0.224407
 797  0.219401
 803  0.214572
 809  0.209909
 815  0.205406
 821  0.201056
 827  0.196851
 833  0.192784
 839  0.18885
 845  0.185042
 851  0.181355
 857  0.177784
 863  0.174325
 869  0.170971
 875  0.167719
 881  0.164565
 887  0.161504
 893  0.158533
 899  0.155649
 905  0.152847
 911  0.150125
 917  0.14748
 923  0.144908
 929  0.142407
 935  0.139974
 941  0.137606
 947  0.135303
 953  0.13306
 959  0.130875
 965  0.128748
 971  0.126675
 977  0.124655
 983  0.122685
 989  0.120765
 995  0.118893
 1001  0.117066
 1007  0.115284
 1013  0.113545
 1019  0.111847
 1025  0.110189
 1031  0.10857
 1037  0.106989
 1043  0.105444
 1049  0.103935
 1055  0.102459
 1061  0.101017
 1067  0.0996073
 1073  0.0982285
 1079  0.0968798
 1085  0.0955605
 1091  0.0942695
 1097  0.0930062
 1103  0.0917698
 1109  0.0905593
 1115  0.0893741
 1121  0.0882135
 1127  0.0870767
 1133  0.0859631
 1139  0.0848721
 1145  0.0838031
 1151  0.0827553
 1157  0.0817283
 1163  0.0807215
 1169  0.0797344
 1175  0.0787663
 1181  0.0778169
 1187  0.0768856
 1193  0.075972
 1199  0.0750756
 1205  0.0741959
 1211  0.0733326
 1217  0.0724852
 1223  0.0716533
 1229  0.0708366
 1235  0.0700346
 1241  0.069247
 1247  0.0684734
 1253  0.0677136
 1259  0.0669671
 1265  0.0662336
 1271  0.0655129
 1277  0.0648047
 1283  0.0641085
 1289  0.0634243
 1295  0.0627516
 1301  0.0620902
 1307  0.0614399
 1313  0.0608003
 1319  0.0601714
 1325  0.0595527
 1331  0.0589442
 1337  0.0583455
 1343  0.0577564
 1349  0.0571768
 1355  0.0566064
 1361  0.0560451
 1367  0.0554926
 1373  0.0549487
 1379  0.0544132
 1385  0.0538861
 1391  0.053367
 1397  0.0528559
 1403  0.0523526
 1409  0.0518568
 1415  0.0513686
 1421  0.0508876
 1427  0.0504137
 1433  0.0499469
 1439  0.0494869
 1445  0.0490336
 1451  0.0485869
 1457  0.0481467
 1463  0.0477129
 1469  0.0472852
 1475  0.0468636
 1481  0.046448
 1487  0.0460382
 1493  0.0456342
 1499  0.0452358
 1505  0.0448429
 1511  0.0444554
 1517  0.0440733
 1523  0.0436963
 1529  0.0433245
 1535  0.0429577
 1541  0.0425959
 1547  0.0422388
 1553  0.0418866
 1559  0.041539
 1565  0.0411959
 1571  0.0408574
 1577  0.0405233
 1583  0.0401935
 1589  0.039868
 1595  0.0395467
 1601  0.0392295
 1607  0.0389163
 1613  0.0386071
 1619  0.0383018
 1625  0.0380004
 1631  0.0377027
 1637  0.0374087
 1643  0.0371184
 1649  0.0368316
 1655  0.0365484
 1661  0.0362686
 1667  0.0359922
 1673  0.0357191
 1679  0.0354494
 1685  0.0351829
 1691  0.0349196
 1697  0.0346594
 1703  0.0344022
 1709  0.0341482
 1715  0.0338971
 1721  0.0336489
 1727  0.0334036
 1733  0.0331612
 1739  0.0329215
 1745  0.0326846
 1751  0.0324504
 1757  0.0322189
 1763  0.03199
 1769  0.0317637
 1775  0.0315399
 1781  0.0313187
 1787  0.0310999
 1793  0.0308835
 1799  0.0306696
 1805  0.0304579
 1811  0.0302486
 1817  0.0300416
 1823  0.0298369
 1829  0.0296343
 1835  0.029434
 1841  0.0292358
 1847  0.0290397
 1853  0.0288457
 1859  0.0286538
 1865  0.0284639
 1871  0.028276
 1877  0.02809
 1883  0.0279061
 1889  0.027724
 1895  0.0275438
 1901  0.0273655
 1907  0.027189
 1913  0.0270143
 1919  0.0268414
 1925  0.0266703
 1931  0.0265009
 1937  0.0263332
 1943  0.0261672
 1949  0.0260029
 1955  0.0258402
 1961  0.0256791
 1967  0.0255196
 1973  0.0253617
 1979  0.0252054
 1985  0.0250506
 1991  0.0248972
 1997  0.0247454

 SI 
 203  0.378365
 209  0.424462
 215  0.478288
 221  0.541522
 227  0.616301
 233  0.705369
 239  0.812284
 245  0.941722
 251  1.0999
 257  1.29521
 263  1.53914
 269  1.84771
 275  2.24368
 281  2.76009
 287  3.4461
 293  4.37694
 299  5.67146
 305  7.52467
 311  10.2709
 317  14.5151
 323  21.4246
 329  33.445
 335  56.2687
 341  105.174
 347  209.69
 353  210.779
 359  93.2694
 365  42.4474
 371  23.9422
 377  15.2616
 383  10.5295
 389  7.67885
 395  5.83437
 401  4.57513
 407  3.6787
 413  3.01878
 419  2.51944
 425  2.13283
 431  1.82762
 437  1.58261
 443  1.38306
 449  1.21846
 455  1.08116
 461  0.965475
 467  0.867134
 473  0.782859
 479  0.710111
 485  0.646894
 491  0.591627
 497  0.543041
 503  0.500108
 509  0.461991
 515  0.428003
 521  0.397571
 527  0.370221
 533  0.345553
 539  0.323231
 545  0.302969
 551  0.284522
 557  0.267683
 563  0.25227
 569  0.23813
 575  0.225126
 581  0.213141
 587  0.202072
 593  0.19183
 599  0.182333
 605  0.173513
 611  0.165307
 617  0.15766
 623  0.150522
 629  0.14385
 635  0.137605
 641  0.13175
 647  0.126255
 653  0.121091
 659  0.116232
 665  0.111655
 671  0.107338
 677  0.103262
 683  0.0994104
 689  0.0957665
 695  0.0923158
 701  0.0890451
 707  0.0859422
 713  0.0829959
 719  0.0801959
 725  0.0775328
 731  0.0749978
 737  0.072583
 743  0.0702809
 749  0.0680848
 755  0.0659882
 761  0.0639852
 767  0.0620705
 773  0.060239
 779  0.0584859
 785  0.056807
 791  0.055198
 797  0.0536552
 803  0.0521751
 809  0.0507543
 815  0.0493897
 821  0.0480785
 827  0.0468179
 833  0.0456053
 839  0.0444384
 845  0.043315
 851  0.0422328
 857  0.04119
 863  0.0401847
 869  0.039215
 875  0.0382795
 881  0.0373764
 887  0.0365043
 893  0.0356619
 899  0.0348477
 905  0.0340607
 911  0.0332995
 917  0.0325631
 923  0.0318505
 929  0.0311605
 935  0.0304924
 941  0.0298451
 947  0.0292178
 953  0.0286098
 959  0.0280202
 965  0.0274483
 971  0.0268935
 977  0.026355
 983  0.0258322
 989  0.0253245
 995  0.0248314
 1001  0.0243523
 1007  0.0238867
 1013  0.0234341
 1019  0.022994
 1025  0.0225659
 1031  0.0221495
 1037  0.0217443
 1043  0.0213499
 1049  0.0209659
 1055  0.0205921
 1061  0.0202279
 1067  0.0198732
 1073  0.0195275
 1079  0.0191907
 1085  0.0188623
 1091  0.0185421
 1097  0.0182298
 1103  0.0179253
 1109  0.0176281
 1115  0.0173382
 1121  0.0170552
 1127  0.016779
 1133  0.0165093
 1139  0.0162459
 1145  0.0159887
 1151  0.0157375
 1157  0.015492
 1163  0.0152521
 1169  0.0150176
 1175  0.0147884
 1181  0.0145643
 1187  0.0143452
 1193  0.0141308
 1199  0.0139212
 1205  0.0137161
 1211  0.0135155
 1217  0.0133191
 1223  0.0131269
 1229  0.0129387
 1235  0.0127545
 1241  0.0125742
 1247  0.0123975
 1253  0.0122245
 1259  0.012055
 1265  0.011889
 1271  0.0117263
 1277  0.0115668
 1283  0.0114106
 1289  0.0112574
 1295  0.0111072
 1301  0.01096
 1307  0.0108156
 1313  0.010674
 1319  0.0105351
 1325  0.0103988
 1331  0.0102652
 1337  0.010134
 1343  0.0100053
 1349  0.009879
 1355  0.00975502
 1361  0.00963332
 1367  0.00951384
 1373  0.00939653
 1379  0.00928133
 1385  0.00916821
 1391  0.0090571
 1397  0.00894796
 1403  0.00884075
 1409  0.00873542
 1415  0.00863192
 1421  0.00853022
 1427  0.00843028
 1433  0.00833204
 1439  0.00823549
 1445  0.00814057
 1451  0.00804725
 1457  0.0079555
 1463  0.00786529
 1469  0.00777657
 1475  0.00768931
 1481  0.00760349
 1487  0.00751907
 1493  0.00743603
 1499  0.00735433
 1505  0.00727394
 1511  0.00719484
 1517  0.007117
 1523  0.00704039
 1529  0.00696499
 1535  0.00689077
 1541  0.00681771
 1547  0.00674579
 1553  0.00667498
 1559  0.00660525
 1565  0.0065366
 1571  0.00646898
 1577  0.0064024
 1583  0.00633681
 1589  0.00627222
 1595  0.00620858
 1601  0.00614589
 1607  0.00608413
 1613  0.00602328
 1619  0.00596332
 1625  0.00590424
 1631  0.00584601
 1637  0.00578862
 1643  0.00573206
 1649  0.00567631
 1655  0.00562136
 1661  0.00556718
 1667  0.00551377
 1673  0.00546111
 1679  0.00540918
 1685  0.00535799
 1691  0.0053075
 1697  0.0052577
 1703  0.0052086
 1709  0.00516016
 1715  0.00511239
 1721  0.00506526
 1727  0.00501877
 1733  0.0049729
 1739  0.00492765
 1745  0.00488301
 1751  0.00483895
 1757  0.00479548
 1763  0.00475258
 1769  0.00471025
 1775  0.00466846
 1781  0.00462722
 1787  0.00458652
 1793  0.00454634
 1799  0.00450667
 1805  0.00446751
 1811  0.00442886
 1817  0.00439069
 1823  0.004353
 1829  0.00431579
 1835  0.00427904
 1841  0.00424276
 1847  0.00420692
 1853  0.00417153
 1859  0.00413658
 1865  0.00410205
 1871  0.00406795
 1877  0.00403426
 1883  0.00400098
 1889  0.00396811
 1895  0.00393563
 1901  0.00390354
 1907  0.00387183
 1913  0.0038405
 1919  0.00380955
 1925  0.00377895
 1931  0.00374872
 1937  0.00371885
 1943  0.00368932
 1949  0.00366014
 1955  0.00363129
 1961  0.00360278
 1967  0.0035746
 1973  0.00354674
 1979  0.0035192
 1985  0.00349197
 1991  0.00346506
 1997  0.00343844
