#          80 : dS/dmH (fb)	 #          80 : dS/dmH (fb)
         10.0000            0.156743E-10        0.237792E-11	         10.0000            0.155207E-10        0.107798E-11
         30.0000            0.374156E-09        0.317823E-10	         30.0000            0.476299E-09        0.259120E-10
         50.0000            0.376899E-08        0.308388E-09	         50.0000            0.398154E-08        0.903655E-10
         70.0000            0.218182E-07        0.217945E-08	         70.0000            0.262230E-07        0.512087E-09
         90.0000            0.510864E-06        0.489644E-07	         90.0000            0.550301E-06        0.903245E-08
         110.000            0.402825E-05        0.863416E-07	         110.000            0.641567E-05        0.272487E-07
         130.000            0.201693E-04        0.168891E-06	         130.000            0.529838E-01        0.214846E-04
         150.000            0.128775E-03        0.597039E-06	         150.000            0.118900E-03        0.486930E-06
         170.000            0.181752E-02        0.262602E-05	         170.000            0.166432E-02        0.481326E-05
         190.000            0.273205E-02        0.263203E-05	         190.000            0.251206E-02        0.560741E-05
         210.000            0.276163E-02        0.249771E-05	         210.000            0.255714E-02        0.516356E-05
         230.000            0.257261E-02        0.237838E-05	         230.000            0.239217E-02        0.486839E-05
         250.000            0.232420E-02        0.226357E-05	         250.000            0.218256E-02        0.470806E-05
         270.000            0.207724E-02        0.214740E-05	         270.000            0.193559E-02        0.445169E-05
         290.000            0.184233E-02        0.204581E-05	         290.000            0.170859E-02        0.434138E-05
         310.000            0.163641E-02        0.187614E-05	         310.000            0.151222E-02        0.399733E-05
         330.000            0.145120E-02        0.183528E-05	         330.000            0.132817E-02        0.377896E-05
         350.000            0.129042E-02        0.172849E-05	         350.000            0.117874E-02        0.383194E-05
         370.000            0.114942E-02        0.164494E-05	         370.000            0.104211E-02        0.357687E-05
         390.000            0.102695E-02        0.159824E-05	         390.000            0.924646E-03        0.337776E-05
         410.000            0.921273E-03        0.156020E-05	         410.000            0.820429E-03        0.353817E-05
         430.000            0.824927E-03        0.146703E-05	         430.000            0.727201E-03        0.308051E-05
         450.000            0.750944E-03        0.151135E-05	         450.000            0.649063E-03        0.301783E-05
         470.000            0.679846E-03        0.157360E-05	         470.000            0.581674E-03        0.285383E-05
         490.000            0.622180E-03        0.157176E-05	         490.000            0.525699E-03        0.299309E-05
         510.000            0.569862E-03        0.109363E-05	         510.000            0.465744E-03        0.255882E-05
         530.000            0.521987E-03        0.116429E-05	         530.000            0.418762E-03        0.265726E-05
         550.000            0.483208E-03        0.113315E-05	         550.000            0.374340E-03        0.239131E-05
         570.000            0.451716E-03        0.108227E-05	         570.000            0.337601E-03        0.225131E-05
         590.000            0.422339E-03        0.103398E-05	         590.000            0.304813E-03        0.218549E-05
         610.000            0.398524E-03        0.100652E-05	         610.000            0.274987E-03        0.212594E-05
         630.000            0.379921E-03        0.108998E-05	         630.000            0.250408E-03        0.214567E-05
         650.000            0.365156E-03        0.951080E-06	         650.000            0.225985E-03        0.192081E-05
         670.000            0.353643E-03        0.987319E-06	         670.000            0.209829E-03        0.205016E-05
         690.000            0.343502E-03        0.985558E-06	         690.000            0.188201E-03        0.200519E-05
         710.000            0.337134E-03        0.956418E-06	         710.000            0.166504E-03        0.171715E-05
         730.000            0.330728E-03        0.908726E-06	         730.000            0.152808E-03        0.163489E-05
         750.000            0.324919E-03        0.917123E-06	         750.000            0.141496E-03        0.172081E-05
         770.000            0.316671E-03        0.881019E-06	         770.000            0.129048E-03        0.166906E-05
         790.000            0.303094E-03        0.903807E-06	         790.000            0.115379E-03        0.149522E-05
         810.000            0.284416E-03        0.837928E-06	         810.000            0.104284E-03        0.140175E-05
         830.000            0.262971E-03        0.131572E-05	         830.000            0.981972E-04        0.138727E-05
         850.000            0.236408E-03        0.806142E-06	         850.000            0.903253E-04        0.169819E-05
         870.000            0.211221E-03        0.758827E-06	         870.000            0.813183E-04        0.128527E-05
         890.000            0.184974E-03        0.701139E-06	         890.000            0.749117E-04        0.133699E-05
         910.000            0.161505E-03        0.870056E-06	         910.000            0.687833E-04        0.225419E-05
         930.000            0.139798E-03        0.736746E-06	         930.000            0.633080E-04        0.123878E-05
         950.000            0.118584E-03        0.620564E-06	         950.000            0.590885E-04        0.134636E-05
         970.000            0.103328E-03        0.602198E-06	         970.000            0.544627E-04        0.136294E-05
         990.000            0.912652E-04        0.851385E-06	         990.000            0.517559E-04        0.146389E-05
         1010.00            0.796092E-04        0.623215E-06	         1010.00            0.460128E-04        0.113764E-05
         1030.00            0.698768E-04        0.406736E-06	         1030.00            0.421247E-04        0.105698E-05
         1050.00            0.608745E-04        0.363171E-06	         1050.00            0.407417E-04        0.171902E-05
         1070.00            0.548527E-04        0.413968E-06	         1070.00            0.368264E-04        0.149901E-05
         1090.00            0.494462E-04        0.470026E-06	         1090.00            0.312914E-04        0.856981E-06
         1110.00            0.440064E-04        0.418079E-06	         1110.00            0.286987E-04        0.846419E-06
         1130.00            0.393021E-04        0.448390E-06	         1130.00            0.267746E-04        0.950268E-06
         1150.00            0.350778E-04        0.415348E-06	         1150.00            0.257632E-04        0.986948E-06
         1170.00            0.319018E-04        0.365469E-06	         1170.00            0.230969E-04        0.100516E-05
         1190.00            0.300587E-04        0.574047E-06	         1190.00            0.217296E-04        0.836333E-06
         1210.00            0.265014E-04        0.386301E-06	         1210.00            0.208639E-04        0.979612E-06
         1230.00            0.250463E-04        0.623005E-06	         1230.00            0.172852E-04        0.672745E-06
         1250.00            0.223568E-04        0.504280E-06	         1250.00            0.178209E-04        0.807144E-06
         1270.00            0.197502E-04        0.315785E-06	         1270.00            0.155216E-04        0.739097E-06
         1290.00            0.187947E-04        0.448124E-06	         1290.00            0.147759E-04        0.667737E-06
         1310.00            0.174861E-04        0.466917E-06	         1310.00            0.128872E-04        0.584908E-06
         1330.00            0.163222E-04        0.817982E-06	         1330.00            0.130640E-04        0.811757E-06
         1350.00            0.139424E-04        0.276876E-06	         1350.00            0.104859E-04        0.503624E-06
         1370.00            0.124717E-04        0.256332E-06	         1370.00            0.983990E-05        0.501486E-06
         1390.00            0.117379E-04        0.291485E-06	         1390.00            0.988670E-05        0.568049E-06
         1410.00            0.114731E-04        0.303988E-06	         1410.00            0.941181E-05        0.653543E-06
         1430.00            0.105094E-04        0.419623E-06	         1430.00            0.841336E-05        0.580187E-06
         1450.00            0.940421E-05        0.262973E-06	         1450.00            0.804772E-05        0.586148E-06
         1470.00            0.833678E-05        0.203663E-06	         1470.00            0.683946E-05        0.409436E-06
         1490.00            0.805322E-05        0.293626E-06	         1490.00            0.667711E-05        0.483967E-06
         1510.00            0.837448E-05        0.975992E-06	         1510.00            0.627578E-05        0.614929E-06
         1530.00            0.673967E-05        0.255360E-06	         1530.00            0.680589E-05        0.687004E-06
         1550.00            0.644926E-05        0.323008E-06	         1550.00            0.533645E-05        0.388642E-06
         1570.00            0.583818E-05        0.239860E-06	         1570.00            0.769824E-05        0.146267E-05
         1590.00            0.517425E-05        0.179470E-06	         1590.00            0.564032E-05        0.491473E-06
         1610.00            0.487630E-05        0.226025E-06	         1610.00            0.537590E-05        0.746085E-06
         1630.00            0.451754E-05        0.214031E-06	         1630.00            0.430537E-05        0.414444E-06
         1650.00            0.421512E-05        0.208909E-06	         1650.00            0.359945E-05        0.273689E-06
         1670.00            0.401685E-05        0.223612E-06	         1670.00            0.391713E-05        0.344470E-06
         1690.00            0.393234E-05        0.240854E-06	         1690.00            0.333921E-05        0.299434E-06
         1710.00            0.329086E-05        0.160959E-06	         1710.00            0.351066E-05        0.343074E-06
         1730.00            0.321232E-05        0.206119E-06	         1730.00            0.245181E-05        0.194998E-06
         1750.00            0.262650E-05        0.155753E-06	         1750.00            0.317805E-05        0.576873E-06
         1770.00            0.271307E-05        0.205043E-06	         1770.00            0.193835E-05        0.143744E-06
         1790.00            0.248057E-05        0.116706E-06	         1790.00            0.201641E-05        0.152276E-06
         1810.00            0.234131E-05        0.142324E-06	         1810.00            0.168169E-05        0.158700E-06
         1830.00            0.192935E-05        0.973577E-07	         1830.00            0.220912E-05        0.457001E-06
         1850.00            0.195224E-05        0.168292E-06	         1850.00            0.149350E-05        0.120417E-06
         1870.00            0.197923E-05        0.132588E-06	         1870.00            0.213073E-05        0.483392E-06
         1890.00            0.199513E-05        0.137854E-06	         1890.00            0.168297E-05        0.177267E-06
         1910.00            0.185560E-05        0.235117E-06	         1910.00            0.146778E-05        0.227433E-06
         1930.00            0.170112E-05        0.133290E-06	         1930.00            0.138593E-05        0.173767E-06
         1950.00            0.160831E-05        0.261090E-06	         1950.00            0.131766E-05        0.186215E-06
         1970.00            0.129737E-05        0.949453E-07	         1970.00            0.105348E-05        0.126360E-06
         1990.00            0.130152E-05        0.100013E-06	         1990.00            0.101103E-05        0.131068E-06
