 S 
 203  0.110921
 209  0.116914
 215  0.123237
 221  0.129909
 227  0.13695
 233  0.144381
 239  0.152224
 245  0.160501
 251  0.169238
 257  0.178461
 263  0.188197
 269  0.198476
 275  0.209327
 281  0.220785
 287  0.232882
 293  0.245657
 299  0.259147
 305  0.273394
 311  0.28844
 317  0.304332
 323  0.321118
 329  0.33885
 335  0.357581
 341  0.37737
 347  0.398277
 353  0.420366
 359  0.443707
 365  0.468371
 371  0.494435
 377  0.52198
 383  0.551092
 389  0.581862
 395  0.614386
 401  0.648767
 407  0.685112
 413  0.723536
 419  0.764161
 425  0.807116
 431  0.852536
 437  0.900565
 443  0.951358
 449  1.00508
 455  1.06189
 461  1.12199
 467  1.18556
 473  1.2528
 479  1.32394
 485  1.39921
 491  1.47884
 497  1.56311
 503  1.65227
 509  1.74664
 515  1.8465
 521  1.95219
 527  2.06407
 533  2.18248
 539  2.30784
 545  2.44055
 551  2.58105
 557  2.72981
 563  2.88733
 569  3.05413
 575  3.23077
 581  3.41784
 587  3.61597
 593  3.82583
 599  4.04813
 605  4.28362
 611  4.5331
 617  4.79742
 623  5.07747
 629  5.37422
 635  5.68868
 641  6.02194
 647  6.37512
 653  6.74946
 659  7.14625
 665  7.56685
 671  8.01274
 677  8.48546
 683  8.98414
 689  9.49248
 695  10.0055
 701  10.5208
 707  11.0361
 713  11.5488
 719  12.0563
 725  12.5559
 731  13.0447
 737  13.5199
 743  13.9788
 749  14.4184
 755  14.8362
 761  15.2294
 767  15.5954
 773  15.9318
 779  16.2364
 785  16.507
 791  16.7417
 797  16.939
 803  17.0974
 809  17.2158
 815  17.2934
 821  17.3295
 827  17.3239
 833  17.2768
 839  17.1883
 845  17.0592
 851  16.8903
 857  16.683
 863  16.4385
 869  16.1587
 875  15.8455
 881  15.501
 887  15.1275
 893  14.7275
 899  14.3037
 905  13.8586
 911  13.3951
 917  12.916
 923  12.4241
 929  11.9222
 935  11.4269
 941  10.9559
 947  10.5078
 953  10.0814
 959  9.67543
 965  9.28881
 971  8.92045
 977  8.56937
 983  8.23463
 989  7.91536
 995  7.61072
 1001  7.31995
 1007  7.04233
 1013  6.77715
 1019  6.52379
 1025  6.28164
 1031  6.05012
 1037  5.82869
 1043  5.61686
 1049  5.41413
 1055  5.22006
 1061  5.03423
 1067  4.85622
 1073  4.68566
 1079  4.52219
 1085  4.36548
 1091  4.21519
 1097  4.07102
 1103  3.93269
 1109  3.79993
 1115  3.67247
 1121  3.55007
 1127  3.43251
 1133  3.31955
 1139  3.21099
 1145  3.10664
 1151  3.0063
 1157  2.90981
 1163  2.81697
 1169  2.72765
 1175  2.64168
 1181  2.55892
 1187  2.47923
 1193  2.40248
 1199  2.32855
 1205  2.25731
 1211  2.18865
 1217  2.12246
 1223  2.05865
 1229  1.99711
 1235  1.93775
 1241  1.88048
 1247  1.82521
 1253  1.77187
 1259  1.72038
 1265  1.67066
 1271  1.62264
 1277  1.57625
 1283  1.53144
 1289  1.48814
 1295  1.44629
 1301  1.40584
 1307  1.36672
 1313  1.3289
 1319  1.29231
 1325  1.25692
 1331  1.22268
 1337  1.18954
 1343  1.15747
 1349  1.12643
 1355  1.09637
 1361  1.06726
 1367  1.03907
 1373  1.01176
 1379  0.985299
 1385  0.959661
 1391  0.934814
 1397  0.910729
 1403  0.887381
 1409  0.864742
 1415  0.842788
 1421  0.821494
 1427  0.800839
 1433  0.7808
 1439  0.761355
 1445  0.742484
 1451  0.724168
 1457  0.706388
 1463  0.689126
 1469  0.672364
 1475  0.656085
 1481  0.640274
 1487  0.624915
 1493  0.609993
 1499  0.595494
 1505  0.581403
 1511  0.567708
 1517  0.554395
 1523  0.541453
 1529  0.528869
 1535  0.516632
 1541  0.504731
 1547  0.493155
 1553  0.481894
 1559  0.470938
 1565  0.460278
 1571  0.449904
 1577  0.439807
 1583  0.429979
 1589  0.420412
 1595  0.411097
 1601  0.402027
 1607  0.393195
 1613  0.384592
 1619  0.376214
 1625  0.368051
 1631  0.360099
 1637  0.352351
 1643  0.3448
 1649  0.337442
 1655  0.33027
 1661  0.323279
 1667  0.316463
 1673  0.309818
 1679  0.303339
 1685  0.29702
 1691  0.290857
 1697  0.284847
 1703  0.278983
 1709  0.273263
 1715  0.267682
 1721  0.262237
 1727  0.256923
 1733  0.251737
 1739  0.246675
 1745  0.241733
 1751  0.23691
 1757  0.2322
 1763  0.227602
 1769  0.223112
 1775  0.218726
 1781  0.214444
 1787  0.21026
 1793  0.206174
 1799  0.202182
 1805  0.198282
 1811  0.194471
 1817  0.190747
 1823  0.187107
 1829  0.18355
 1835  0.180074
 1841  0.176675
 1847  0.173353
 1853  0.170105
 1859  0.166929
 1865  0.163823
 1871  0.160786
 1877  0.157816
 1883  0.154911
 1889  0.15207
 1895  0.14929
 1901  0.146571
 1907  0.143911
 1913  0.141307
 1919  0.13876
 1925  0.136268
 1931  0.133828
 1937  0.13144
 1943  0.129103
 1949  0.126816
 1955  0.124576
 1961  0.122384
 1967  0.120237
 1973  0.118135
 1979  0.116076
 1985  0.114061
 1991  0.112086
 1997  0.110153

 SI 
 203  6.57237e-05
 209  7.43545e-05
 215  8.42351e-05
 221  9.5564e-05
 227  0.000108574
 233  0.000123538
 239  0.000140777
 245  0.000160672
 251  0.00018367
 257  0.000210302
 263  0.000241198
 269  0.000277107
 275  0.000318921
 281  0.000367706
 287  0.000424737
 293  0.000491543
 299  0.000569964
 305  0.000662219
 311  0.000770986
 317  0.000899513
 323  0.00105174
 329  0.00123248
 335  0.0014476
 341  0.00170429
 347  0.00201137
 353  0.00237975
 359  0.00282287
 365  0.00335743
 371  0.00400422
 377  0.00478917
 383  0.00574479
 389  0.006912
 395  0.00834241
 401  0.0101015
 407  0.0122725
 413  0.014962
 419  0.0183066
 425  0.0224825
 431  0.0277179
 437  0.0343101
 443  0.0426478
 449  0.0532064
 455  0.0662091
 461  0.0820509
 467  0.101265
 473  0.124466
 479  0.152353
 485  0.185723
 491  0.225471
 497  0.272601
 503  0.328229
 509  0.393584
 515  0.470014
 521  0.55898
 527  0.662054
 533  0.780913
 539  0.917325
 545  1.07314
 551  1.25026
 557  1.45064
 563  1.6762
 569  1.92889
 575  2.21055
 581  2.52293
 587  2.86762
 593  3.24602
 599  3.65924
 605  4.10813
 611  4.59313
 617  5.11428
 623  5.67118
 629  6.26288
 635  6.88789
 641  7.54415
 647  8.22899
 653  8.93913
 659  9.67064
 665  10.419
 671  11.1792
 677  11.9456
 683  12.7121
 689  13.4721
 695  14.219
 701  14.9455
 707  15.6447
 713  16.3093
 719  16.9323
 725  17.5068
 731  18.0265
 737  18.4853
 743  18.8779
 749  19.1997
 755  19.4467
 761  19.6159
 767  19.7054
 773  19.7139
 779  19.6413
 785  19.4887
 791  19.2578
 797  18.9514
 803  18.5733
 809  18.1279
 815  17.6205
 821  17.057
 827  16.4436
 833  15.7872
 839  15.0947
 845  14.3732
 851  13.63
 857  12.8852
 863  12.1794
 869  11.5131
 875  10.8838
 881  10.2897
 887  9.72852
 893  9.19857
 899  8.69803
 905  8.22524
 911  7.77864
 917  7.35674
 923  6.95816
 929  6.58158
 935  6.22577
 941  5.88955
 947  5.57184
 953  5.27159
 959  4.98782
 965  4.71962
 971  4.46611
 977  4.22648
 983  3.99995
 989  3.78579
 995  3.58331
 1001  3.39186
 1007  3.21084
 1013  3.03966
 1019  2.87778
 1025  2.72469
 1031  2.57989
 1037  2.44293
 1043  2.31338
 1049  2.19083
 1055  2.0749
 1061  1.96522
 1067  1.86144
 1073  1.76325
 1079  1.67033
 1085  1.58241
 1091  1.4992
 1097  1.42045
 1103  1.34591
 1109  1.27536
 1115  1.20858
 1121  1.14536
 1127  1.08551
 1133  1.02885
 1139  0.975196
 1145  0.924397
 1151  0.876294
 1157  0.830742
 1163  0.787602
 1169  0.746745
 1175  0.708048
 1181  0.671394
 1187  0.636674
 1193  0.603783
 1199  0.572623
 1205  0.543102
 1211  0.515131
 1217  0.488629
 1223  0.463516
 1229  0.439718
 1235  0.417165
 1241  0.39579
 1247  0.375532
 1253  0.35633
 1259  0.338129
 1265  0.320874
 1271  0.304518
 1277  0.28901
 1283  0.274308
 1289  0.260367
 1295  0.247148
 1301  0.234614
 1307  0.222727
 1313  0.211453
 1319  0.200761
 1325  0.19062
 1331  0.181001
 1337  0.171877
 1343  0.163221
 1349  0.15501
 1355  0.147219
 1361  0.139827
 1367  0.132814
 1373  0.126159
 1379  0.119844
 1385  0.113851
 1391  0.108163
 1397  0.102765
 1403  0.097641
 1409  0.0927777
 1415  0.0881612
 1421  0.0837787
 1427  0.0796183
 1433  0.0756684
 1439  0.0719181
 1445  0.0683573
 1451  0.0649761
 1457  0.0617653
 1463  0.0587162
 1469  0.0558205
 1475  0.0530703
 1481  0.0504581
 1487  0.047977
 1493  0.0456202
 1499  0.0433814
 1505  0.0412545
 1511  0.0392339
 1517  0.0373142
 1523  0.0354901
 1529  0.0337569
 1535  0.03211
 1541  0.0305449
 1547  0.0290576
 1553  0.0276441
 1559  0.0263006
 1565  0.0250237
 1571  0.02381
 1577  0.0226562
 1583  0.0215594
 1589  0.0205167
 1595  0.0195254
 1601  0.0185829
 1607  0.0176868
 1613  0.0168347
 1619  0.0160244
 1625  0.0152539
 1631  0.0145211
 1637  0.0138242
 1643  0.0131614
 1649  0.012531
 1655  0.0119313
 1661  0.0113609
 1667  0.0108183
 1673  0.0103021
 1679  0.00981093
 1685  0.00934367
 1691  0.00889909
 1697  0.00847606
 1703  0.00807353
 1709  0.00769047
 1715  0.00732594
 1721  0.00697901
 1727  0.00664883
 1733  0.00633456
 1739  0.00603543
 1745  0.0057507
 1751  0.00547965
 1757  0.00522163
 1763  0.00497598
 1769  0.00474211
 1775  0.00451944
 1781  0.00430743
 1787  0.00410555
 1793  0.00391331
 1799  0.00373025
 1805  0.00355591
 1811  0.00338987
 1817  0.00323174
 1823  0.00308112
 1829  0.00293766
 1835  0.002801
 1841  0.00267082
 1847  0.00254681
 1853  0.00242866
 1859  0.0023161
 1865  0.00220886
 1871  0.00210668
 1877  0.00200931
 1883  0.00191653
 1889  0.00182812
 1895  0.00174386
 1901  0.00166356
 1907  0.00158702
 1913  0.00151408
 1919  0.00144455
 1925  0.00137828
 1931  0.0013151
 1937  0.00125488
 1943  0.00119746
 1949  0.00114273
 1955  0.00109054
 1961  0.00104078
 1967  0.000993335
 1973  0.000948094
 1979  0.000904952
 1985  0.000863812
 1991  0.000824577
 1997  0.000787158
