 S 
 203  0.110921
 209  0.116914
 215  0.123237
 221  0.129909
 227  0.13695
 233  0.144381
 239  0.152224
 245  0.160501
 251  0.169238
 257  0.178461
 263  0.188197
 269  0.198476
 275  0.209327
 281  0.220785
 287  0.232882
 293  0.245657
 299  0.259147
 305  0.273394
 311  0.28844
 317  0.304332
 323  0.321118
 329  0.33885
 335  0.357581
 341  0.37737
 347  0.398277
 353  0.420366
 359  0.443707
 365  0.468371
 371  0.494435
 377  0.52198
 383  0.551092
 389  0.581862
 395  0.614386
 401  0.648767
 407  0.685112
 413  0.723536
 419  0.764161
 425  0.807116
 431  0.852536
 437  0.900565
 443  0.951358
 449  1.00508
 455  1.06189
 461  1.12199
 467  1.18556
 473  1.2528
 479  1.32394
 485  1.39921
 491  1.47884
 497  1.56311
 503  1.65227
 509  1.74664
 515  1.8465
 521  1.95219
 527  2.06407
 533  2.18248
 539  2.30784
 545  2.44055
 551  2.58105
 557  2.72981
 563  2.88733
 569  3.05413
 575  3.23077
 581  3.41784
 587  3.61597
 593  3.82583
 599  4.04813
 605  4.28362
 611  4.5331
 617  4.79742
 623  5.07747
 629  5.37422
 635  5.68868
 641  6.02194
 647  6.37512
 653  6.74946
 659  7.14625
 665  7.56685
 671  8.01274
 677  8.48546
 683  8.98414
 689  9.49248
 695  10.0055
 701  10.5208
 707  11.0361
 713  11.5488
 719  12.0563
 725  12.5559
 731  13.0447
 737  13.5199
 743  13.9788
 749  14.4184
 755  14.8362
 761  15.2294
 767  15.5954
 773  15.9318
 779  16.2364
 785  16.507
 791  16.7417
 797  16.939
 803  17.0974
 809  17.2158
 815  17.2934
 821  17.3295
 827  17.3239
 833  17.2768
 839  17.1883
 845  17.0592
 851  16.8903
 857  16.683
 863  16.4385
 869  16.1587
 875  15.8455
 881  15.501
 887  15.1275
 893  14.7275
 899  14.3037
 905  13.8586
 911  13.3951
 917  12.916
 923  12.4241
 929  11.9222
 935  11.4269
 941  10.9559
 947  10.5078
 953  10.0814
 959  9.67543
 965  9.28881
 971  8.92045
 977  8.56937
 983  8.23463
 989  7.91536
 995  7.61072
 1001  7.31995
 1007  7.04233
 1013  6.77715
 1019  6.52379
 1025  6.28164
 1031  6.05012
 1037  5.82869
 1043  5.61686
 1049  5.41413
 1055  5.22006
 1061  5.03423
 1067  4.85622
 1073  4.68566
 1079  4.52219
 1085  4.36548
 1091  4.21519
 1097  4.07102
 1103  3.93269
 1109  3.79993
 1115  3.67247
 1121  3.55007
 1127  3.43251
 1133  3.31955
 1139  3.21099
 1145  3.10664
 1151  3.0063
 1157  2.90981
 1163  2.81697
 1169  2.72765
 1175  2.64168
 1181  2.55892
 1187  2.47923
 1193  2.40248
 1199  2.32855
 1205  2.25731
 1211  2.18865
 1217  2.12246
 1223  2.05865
 1229  1.99711
 1235  1.93775
 1241  1.88048
 1247  1.82521
 1253  1.77187
 1259  1.72038
 1265  1.67066
 1271  1.62264
 1277  1.57625
 1283  1.53144
 1289  1.48814
 1295  1.44629
 1301  1.40584
 1307  1.36672
 1313  1.3289
 1319  1.29231
 1325  1.25692
 1331  1.22268
 1337  1.18954
 1343  1.15747
 1349  1.12643
 1355  1.09637
 1361  1.06726
 1367  1.03907
 1373  1.01176
 1379  0.985299
 1385  0.959661
 1391  0.934814
 1397  0.910729
 1403  0.887381
 1409  0.864742
 1415  0.842788
 1421  0.821494
 1427  0.800839
 1433  0.7808
 1439  0.761355
 1445  0.742484
 1451  0.724168
 1457  0.706388
 1463  0.689126
 1469  0.672364
 1475  0.656085
 1481  0.640274
 1487  0.624915
 1493  0.609993
 1499  0.595494
 1505  0.581403
 1511  0.567708
 1517  0.554395
 1523  0.541453
 1529  0.528869
 1535  0.516632
 1541  0.504731
 1547  0.493155
 1553  0.481894
 1559  0.470938
 1565  0.460278
 1571  0.449904
 1577  0.439807
 1583  0.429979
 1589  0.420412
 1595  0.411097
 1601  0.402027
 1607  0.393195
 1613  0.384592
 1619  0.376214
 1625  0.368051
 1631  0.360099
 1637  0.352351
 1643  0.3448
 1649  0.337442
 1655  0.33027
 1661  0.323279
 1667  0.316463
 1673  0.309818
 1679  0.303339
 1685  0.29702
 1691  0.290857
 1697  0.284847
 1703  0.278983
 1709  0.273263
 1715  0.267682
 1721  0.262237
 1727  0.256923
 1733  0.251737
 1739  0.246675
 1745  0.241733
 1751  0.23691
 1757  0.2322
 1763  0.227602
 1769  0.223112
 1775  0.218726
 1781  0.214444
 1787  0.21026
 1793  0.206174
 1799  0.202182
 1805  0.198282
 1811  0.194471
 1817  0.190747
 1823  0.187107
 1829  0.18355
 1835  0.180074
 1841  0.176675
 1847  0.173353
 1853  0.170105
 1859  0.166929
 1865  0.163823
 1871  0.160786
 1877  0.157816
 1883  0.154911
 1889  0.15207
 1895  0.14929
 1901  0.146571
 1907  0.143911
 1913  0.141307
 1919  0.13876
 1925  0.136268
 1931  0.133828
 1937  0.13144
 1943  0.129103
 1949  0.126816
 1955  0.124576
 1961  0.122384
 1967  0.120237
 1973  0.118135
 1979  0.116076
 1985  0.114061
 1991  0.112086
 1997  0.110153

 SI 
 203  0.0184723
 209  0.0194698
 215  0.0205321
 221  0.0216639
 227  0.0228707
 233  0.0241583
 239  0.025533
 245  0.0270017
 251  0.0285719
 257  0.0302519
 263  0.0320506
 269  0.0339779
 275  0.0360446
 281  0.0382624
 287  0.0406444
 293  0.0432047
 299  0.0459591
 305  0.0489248
 311  0.0521208
 317  0.0555682
 323  0.0592899
 329  0.0633119
 335  0.0676623
 341  0.0723728
 347  0.0774784
 353  0.0830179
 359  0.0890346
 365  0.095577
 371  0.102699
 377  0.110461
 383  0.11893
 389  0.128182
 395  0.138303
 401  0.149388
 407  0.161546
 413  0.174898
 419  0.189583
 425  0.205758
 431  0.223599
 437  0.24331
 443  0.265122
 449  0.289298
 455  0.316141
 461  0.345997
 467  0.379266
 473  0.416407
 479  0.457954
 485  0.504523
 491  0.556832
 497  0.615715
 503  0.682152
 509  0.757286
 515  0.842467
 521  0.939283
 527  1.04962
 533  1.17571
 539  1.32022
 545  1.48635
 551  1.67793
 557  1.89947
 563  2.14802
 569  2.42088
 575  2.7192
 581  3.04398
 587  3.39603
 593  3.77602
 599  4.18434
 605  4.62117
 611  5.08638
 617  5.57951
 623  6.0998
 629  6.64609
 635  7.21686
 641  7.81019
 647  8.42377
 653  9.05488
 659  9.70042
 665  10.3569
 671  11.0205
 677  11.687
 683  12.352
 689  13.0107
 695  13.6583
 701  14.2898
 707  14.8999
 713  15.4837
 719  16.036
 725  16.552
 731  17.0269
 737  17.4563
 743  17.8361
 749  18.1626
 755  18.4327
 761  18.6436
 767  18.7933
 773  18.8803
 779  18.9036
 785  18.8631
 791  18.7591
 797  18.5927
 803  18.3656
 809  18.08
 815  17.7387
 821  17.3452
 827  16.9031
 833  16.4167
 839  15.8904
 845  15.3291
 851  14.7378
 857  14.1214
 863  13.485
 869  12.8339
 875  12.173
 881  11.5072
 887  10.8411
 893  10.179
 899  9.52511
 905  8.89453
 911  8.30967
 917  7.76747
 923  7.26453
 929  6.79772
 935  6.36419
 941  5.96135
 947  5.58681
 953  5.23838
 959  4.91407
 965  4.61204
 971  4.33062
 977  4.06827
 983  3.82355
 989  3.59518
 995  3.38195
 1001  3.18277
 1007  2.99661
 1013  2.82254
 1019  2.65969
 1025  2.50729
 1031  2.36458
 1037  2.23089
 1043  2.10559
 1049  1.98812
 1055  1.87792
 1061  1.77451
 1067  1.67742
 1073  1.58623
 1079  1.50056
 1085  1.42002
 1091  1.34428
 1097  1.27304
 1103  1.20599
 1109  1.14286
 1115  1.0834
 1121  1.02738
 1127  0.974586
 1133  0.924802
 1139  0.877844
 1145  0.833537
 1151  0.791715
 1157  0.752225
 1163  0.714925
 1169  0.679681
 1175  0.646368
 1181  0.61487
 1187  0.585078
 1193  0.556892
 1199  0.530214
 1205  0.504958
 1211  0.481039
 1217  0.45838
 1223  0.436908
 1229  0.416554
 1235  0.397255
 1241  0.378949
 1247  0.361582
 1253  0.3451
 1259  0.329454
 1265  0.314596
 1271  0.300484
 1277  0.287075
 1283  0.274333
 1289  0.262219
 1295  0.2507
 1301  0.239744
 1307  0.229321
 1313  0.219402
 1319  0.20996
 1325  0.20097
 1331  0.192408
 1337  0.184252
 1343  0.176481
 1349  0.169074
 1355  0.162013
 1361  0.15528
 1367  0.148859
 1373  0.142733
 1379  0.136887
 1385  0.131308
 1391  0.125982
 1397  0.120897
 1403  0.116039
 1409  0.111399
 1415  0.106966
 1421  0.102728
 1427  0.0986781
 1433  0.0948054
 1439  0.0911018
 1445  0.0875593
 1451  0.0841701
 1457  0.0809269
 1463  0.0778228
 1469  0.0748512
 1475  0.0720059
 1481  0.069281
 1487  0.0666709
 1493  0.0641702
 1499  0.061774
 1505  0.0594773
 1511  0.0572757
 1517  0.0551649
 1523  0.0531406
 1529  0.051199
 1535  0.0493364
 1541  0.0475493
 1547  0.0458342
 1553  0.044188
 1559  0.0426076
 1565  0.0410901
 1571  0.0396328
 1577  0.0382331
 1583  0.0368884
 1589  0.0355964
 1595  0.0343548
 1601  0.0331613
 1607  0.0320141
 1613  0.030911
 1619  0.0298503
 1625  0.0288301
 1631  0.0278487
 1637  0.0269046
 1643  0.025996
 1649  0.0251217
 1655  0.0242801
 1661  0.0234699
 1667  0.0226898
 1673  0.0219386
 1679  0.021215
 1685  0.0205181
 1691  0.0198467
 1697  0.0191997
 1703  0.0185762
 1709  0.0179753
 1715  0.017396
 1721  0.0168375
 1727  0.016299
 1733  0.0157797
 1739  0.0152788
 1745  0.0147956
 1751  0.0143294
 1757  0.0138796
 1763  0.0134456
 1769  0.0130266
 1775  0.0126222
 1781  0.0122318
 1787  0.0118548
 1793  0.0114908
 1799  0.0111392
 1805  0.0107996
 1811  0.0104716
 1817  0.0101546
 1823  0.00984836
 1829  0.00955238
 1835  0.00926632
 1841  0.0089898
 1847  0.00872247
 1853  0.00846401
 1859  0.00821407
 1865  0.00797236
 1871  0.00773857
 1877  0.00751243
 1883  0.00729364
 1889  0.00708196
 1895  0.00687712
 1901  0.00667888
 1907  0.00648701
 1913  0.00630129
 1919  0.00612149
 1925  0.0059474
 1931  0.00577883
 1937  0.00561559
 1943  0.00545749
 1949  0.00530434
 1955  0.00515599
 1961  0.00501226
 1967  0.00487299
 1973  0.00473804
 1979  0.00460725
 1985  0.00448048
 1991  0.0043576
 1997  0.00423848
