 S 
 203  0.0648537
 209  0.0676322
 215  0.0705323
 221  0.0735593
 227  0.076719
 233  0.0800172
 239  0.0834601
 245  0.0870543
 251  0.0908065
 257  0.0947238
 263  0.0988137
 269  0.103084
 275  0.107542
 281  0.112198
 287  0.117059
 293  0.122135
 299  0.127435
 305  0.132971
 311  0.138752
 317  0.14479
 323  0.151096
 329  0.157682
 335  0.164562
 341  0.171747
 347  0.179254
 353  0.187095
 359  0.195286
 365  0.203843
 371  0.212783
 377  0.222124
 383  0.231883
 389  0.242079
 395  0.252734
 401  0.263867
 407  0.275501
 413  0.287658
 419  0.300364
 425  0.313642
 431  0.327519
 437  0.342023
 443  0.357183
 449  0.373029
 455  0.389593
 461  0.406908
 467  0.425008
 473  0.44393
 479  0.463712
 485  0.484394
 491  0.506018
 497  0.528627
 503  0.552267
 509  0.576987
 515  0.602837
 521  0.629869
 527  0.658138
 533  0.687703
 539  0.718623
 545  0.750963
 551  0.784789
 557  0.82017
 563  0.857179
 569  0.895894
 575  0.936393
 581  0.978762
 587  1.02309
 593  1.06944
 599  1.11743
 605  1.16687
 611  1.21775
 617  1.27008
 623  1.32385
 629  1.37907
 635  1.43572
 641  1.49378
 647  1.55326
 653  1.61412
 659  1.67635
 665  1.73992
 671  1.80481
 677  1.87099
 683  1.93841
 689  2.00705
 695  2.07686
 701  2.14779
 707  2.21979
 713  2.29282
 719  2.36682
 725  2.44172
 731  2.51747
 737  2.59399
 743  2.67122
 749  2.74908
 755  2.82749
 761  2.90637
 767  2.98565
 773  3.06522
 779  3.14501
 785  3.22492
 791  3.30486
 797  3.38472
 803  3.46441
 809  3.54383
 815  3.62287
 821  3.70142
 827  3.77939
 833  3.85665
 839  3.93311
 845  4.00866
 851  4.08318
 857  4.15656
 863  4.22869
 869  4.29947
 875  4.36878
 881  4.43652
 887  4.50257
 893  4.56684
 899  4.62922
 905  4.6896
 911  4.74789
 917  4.80399
 923  4.8578
 929  4.90924
 935  4.95822
 941  5.00464
 947  5.04844
 953  5.08953
 959  5.12785
 965  5.16332
 971  5.19589
 977  5.22549
 983  5.25207
 989  5.27558
 995  5.29599
 1001  5.31325
 1007  5.32734
 1013  5.33822
 1019  5.34589
 1025  5.35032
 1031  5.3515
 1037  5.34944
 1043  5.34414
 1049  5.3356
 1055  5.32385
 1061  5.3089
 1067  5.29079
 1073  5.26954
 1079  5.24519
 1085  5.21779
 1091  5.18738
 1097  5.15403
 1103  5.11778
 1109  5.07871
 1115  5.03688
 1121  4.99236
 1127  4.94524
 1133  4.89559
 1139  4.8435
 1145  4.78906
 1151  4.73236
 1157  4.6735
 1163  4.61257
 1169  4.54967
 1175  4.48491
 1181  4.41839
 1187  4.35022
 1193  4.2805
 1199  4.20934
 1205  4.13686
 1211  4.06316
 1217  3.98836
 1223  3.91255
 1229  3.83587
 1235  3.7584
 1241  3.68026
 1247  3.60157
 1253  3.52242
 1259  3.44292
 1265  3.36317
 1271  3.28328
 1277  3.20334
 1283  3.12345
 1289  3.04371
 1295  2.96427
 1301  2.8865
 1307  2.81092
 1313  2.73744
 1319  2.66603
 1325  2.5966
 1331  2.5291
 1337  2.46348
 1343  2.39968
 1349  2.33764
 1355  2.27732
 1361  2.21866
 1367  2.16162
 1373  2.10614
 1379  2.05219
 1385  1.99971
 1391  1.94866
 1397  1.89901
 1403  1.85071
 1409  1.80372
 1415  1.75801
 1421  1.71354
 1427  1.67026
 1433  1.62816
 1439  1.58719
 1445  1.54732
 1451  1.50852
 1457  1.47076
 1463  1.43401
 1469  1.39825
 1475  1.36343
 1481  1.32954
 1487  1.29656
 1493  1.26444
 1499  1.23318
 1505  1.20274
 1511  1.17311
 1517  1.14425
 1523  1.11616
 1529  1.0888
 1535  1.06216
 1541  1.03621
 1547  1.01095
 1553  0.986338
 1559  0.962368
 1565  0.939022
 1571  0.916281
 1577  0.894128
 1583  0.872548
 1589  0.851524
 1595  0.831042
 1601  0.811086
 1607  0.791642
 1613  0.772697
 1619  0.754236
 1625  0.736246
 1631  0.718715
 1637  0.701631
 1643  0.68498
 1649  0.668751
 1655  0.652934
 1661  0.637516
 1667  0.622487
 1673  0.607837
 1679  0.593556
 1685  0.579633
 1691  0.566059
 1697  0.552825
 1703  0.539921
 1709  0.52734
 1715  0.515071
 1721  0.503108
 1727  0.491442
 1733  0.480065
 1739  0.468969
 1745  0.458148
 1751  0.447593
 1757  0.437299
 1763  0.427257
 1769  0.417462
 1775  0.407907
 1781  0.398585
 1787  0.389491
 1793  0.380619
 1799  0.371963
 1805  0.363518
 1811  0.355277
 1817  0.347236
 1823  0.33939
 1829  0.331733
 1835  0.32426
 1841  0.316968
 1847  0.309851
 1853  0.302904
 1859  0.296124
 1865  0.289507
 1871  0.283047
 1877  0.276742
 1883  0.270586
 1889  0.264577
 1895  0.258711
 1901  0.252983
 1907  0.247391
 1913  0.241932
 1919  0.236601
 1925  0.231395
 1931  0.226312
 1937  0.221348
 1943  0.216501
 1949  0.211767
 1955  0.207144
 1961  0.202629
 1967  0.198219
 1973  0.193911
 1979  0.189704
 1985  0.185594
 1991  0.181579
 1997  0.177657

 SI 
 203  0.00603025
 209  0.00677602
 215  0.00760669
 221  0.00853094
 227  0.00955826
 233  0.010699
 239  0.0119642
 245  0.0133662
 251  0.0149181
 257  0.0166341
 263  0.0185296
 269  0.0206211
 275  0.0229266
 281  0.0254653
 287  0.0282577
 293  0.0313262
 299  0.0346943
 305  0.0383874
 311  0.0424327
 317  0.046859
 323  0.0516971
 329  0.0569798
 335  0.0627416
 341  0.0690193
 347  0.075852
 353  0.0832806
 359  0.0913485
 365  0.100101
 371  0.109587
 377  0.119856
 383  0.13096
 389  0.142955
 395  0.155899
 401  0.16985
 407  0.184871
 413  0.201026
 419  0.218382
 425  0.237007
 431  0.256973
 437  0.278352
 443  0.301219
 449  0.32565
 455  0.351722
 461  0.379515
 467  0.40911
 473  0.440586
 479  0.474027
 485  0.509513
 491  0.547127
 497  0.586952
 503  0.629067
 509  0.673554
 515  0.720491
 521  0.769955
 527  0.822021
 533  0.876761
 539  0.934243
 545  0.994534
 551  1.05769
 557  1.12378
 563  1.19284
 569  1.26493
 575  1.34007
 581  1.41831
 587  1.49967
 593  1.58417
 599  1.67182
 605  1.76261
 611  1.85653
 617  1.95358
 623  2.05371
 629  2.1569
 635  2.26308
 641  2.3722
 647  2.48418
 653  2.59893
 659  2.71636
 665  2.83636
 671  2.95881
 677  3.08356
 683  3.21046
 689  3.33937
 695  3.4701
 701  3.60247
 707  3.73627
 713  3.87131
 719  4.00736
 725  4.14419
 731  4.28155
 737  4.4192
 743  4.55687
 749  4.6943
 755  4.8312
 761  4.9673
 767  5.1023
 773  5.23592
 779  5.36785
 785  5.49779
 791  5.62545
 797  5.75052
 803  5.87269
 809  5.99167
 815  6.10716
 821  6.21888
 827  6.32652
 833  6.42982
 839  6.5285
 845  6.6223
 851  6.71096
 857  6.79424
 863  6.87193
 869  6.94379
 875  7.00963
 881  7.06927
 887  7.12254
 893  7.16928
 899  7.20937
 905  7.24269
 911  7.26913
 917  7.28864
 923  7.30114
 929  7.30661
 935  7.30503
 941  7.2964
 947  7.28074
 953  7.25811
 959  7.22857
 965  7.1922
 971  7.14911
 977  7.09942
 983  7.04327
 989  6.98083
 995  6.91226
 1001  6.83775
 1007  6.75753
 1013  6.6718
 1019  6.5808
 1025  6.48478
 1031  6.384
 1037  6.27871
 1043  6.16921
 1049  6.05576
 1055  5.93866
 1061  5.81821
 1067  5.6947
 1073  5.56844
 1079  5.43972
 1085  5.30884
 1091  5.17612
 1097  5.04184
 1103  4.90631
 1109  4.76982
 1115  4.63264
 1121  4.49507
 1127  4.35738
 1133  4.21983
 1139  4.08267
 1145  3.94617
 1151  3.81054
 1157  3.67603
 1163  3.54284
 1169  3.41119
 1175  3.28125
 1181  3.15323
 1187  3.02727
 1193  2.90354
 1199  2.78217
 1205  2.66331
 1211  2.54707
 1217  2.43355
 1223  2.32284
 1229  2.21504
 1235  2.11019
 1241  2.00837
 1247  1.90962
 1253  1.81397
 1259  1.72145
 1265  1.63207
 1271  1.54584
 1277  1.46276
 1283  1.3828
 1289  1.30595
 1295  1.23218
 1301  1.16146
 1307  1.09374
 1313  1.02898
 1319  0.967112
 1325  0.90809
 1331  0.851848
 1337  0.798317
 1343  0.747429
 1349  0.699966
 1355  0.656992
 1361  0.617968
 1367  0.58242
 1373  0.549941
 1379  0.520183
 1385  0.492846
 1391  0.46767
 1397  0.444431
 1403  0.422933
 1409  0.403003
 1415  0.38449
 1421  0.367262
 1427  0.3512
 1433  0.3362
 1439  0.322169
 1445  0.309024
 1451  0.296692
 1457  0.285105
 1463  0.274204
 1469  0.263935
 1475  0.25425
 1481  0.245104
 1487  0.236457
 1493  0.228274
 1499  0.220521
 1505  0.213168
 1511  0.206188
 1517  0.199555
 1523  0.193247
 1529  0.187243
 1535  0.181522
 1541  0.176068
 1547  0.170863
 1553  0.165893
 1559  0.161143
 1565  0.1566
 1571  0.152253
 1577  0.148089
 1583  0.1441
 1589  0.140274
 1595  0.136603
 1601  0.133079
 1607  0.129694
 1613  0.12644
 1619  0.123311
 1625  0.1203
 1631  0.117401
 1637  0.114609
 1643  0.111919
 1649  0.109325
 1655  0.106823
 1661  0.104409
 1667  0.102078
 1673  0.0998265
 1679  0.0976511
 1685  0.0955482
 1691  0.0935146
 1697  0.0915472
 1703  0.0896432
 1709  0.0877998
 1715  0.0860145
 1721  0.0842847
 1727  0.0826082
 1733  0.0809828
 1739  0.0794063
 1745  0.0778769
 1751  0.0763926
 1757  0.0749516
 1763  0.0735523
 1769  0.072193
 1775  0.0708723
 1781  0.0695885
 1787  0.0683404
 1793  0.0671267
 1799  0.065946
 1805  0.0647971
 1811  0.0636789
 1817  0.0625903
 1823  0.0615303
 1829  0.0604978
 1835  0.0594919
 1841  0.0585116
 1847  0.0575561
 1853  0.0566246
 1859  0.0557162
 1865  0.0548302
 1871  0.0539658
 1877  0.0531223
 1883  0.052299
 1889  0.0514953
 1895  0.0507106
 1901  0.0499443
 1907  0.0491957
 1913  0.0484644
 1919  0.0477497
 1925  0.0470513
 1931  0.0463685
 1937  0.045701
 1943  0.0450482
 1949  0.0444097
 1955  0.0437852
 1961  0.0431741
 1967  0.0425761
 1973  0.0419909
 1979  0.041418
 1985  0.0408572
 1991  0.040308
 1997  0.0397701
