 S 
 203  0.109353
 209  0.114003
 215  0.118854
 221  0.123916
 227  0.129199
 233  0.134711
 239  0.140463
 245  0.146466
 251  0.152731
 257  0.15927
 263  0.166094
 269  0.173217
 275  0.180652
 281  0.188412
 287  0.196513
 293  0.20497
 299  0.213797
 305  0.223013
 311  0.232635
 317  0.24268
 323  0.253169
 329  0.264119
 335  0.275554
 341  0.287494
 347  0.299962
 353  0.312982
 359  0.326579
 365  0.340779
 371  0.355609
 377  0.371098
 383  0.387276
 389  0.404174
 395  0.421825
 401  0.440263
 407  0.459523
 413  0.479644
 419  0.500663
 425  0.522624
 431  0.545568
 437  0.56954
 443  0.594587
 449  0.620759
 455  0.648107
 461  0.676685
 467  0.706549
 473  0.737759
 479  0.770377
 485  0.804466
 491  0.840096
 497  0.877337
 503  0.916263
 509  0.956952
 515  0.999486
 521  1.04395
 527  1.09043
 533  1.13903
 539  1.18984
 545  1.24296
 551  1.2985
 557  1.35658
 563  1.4173
 569  1.48081
 575  1.54722
 581  1.61667
 587  1.6893
 593  1.76526
 599  1.84471
 605  1.92719
 611  2.01217
 617  2.09963
 623  2.1896
 629  2.28205
 635  2.37699
 641  2.47441
 647  2.57428
 653  2.67659
 659  2.7813
 665  2.88839
 671  2.99781
 677  3.10953
 683  3.22348
 689  3.33962
 695  3.45788
 701  3.57819
 707  3.70048
 713  3.82467
 719  3.95067
 725  4.07838
 731  4.20772
 737  4.33857
 743  4.47082
 749  4.60436
 755  4.73906
 761  4.87479
 767  5.01142
 773  5.14881
 779  5.28681
 785  5.42527
 791  5.56404
 797  5.70296
 803  5.84186
 809  5.98058
 815  6.11894
 821  6.25677
 827  6.39389
 833  6.53012
 839  6.66528
 845  6.79918
 851  6.93163
 857  7.06245
 863  7.19145
 869  7.31844
 875  7.44324
 881  7.56565
 887  7.68548
 893  7.80256
 899  7.91671
 905  8.02773
 911  8.13546
 917  8.23971
 923  8.34033
 929  8.43715
 935  8.53
 941  8.61873
 947  8.70319
 953  8.78324
 959  8.85874
 965  8.92957
 971  8.99559
 977  9.0567
 983  9.11279
 989  9.16376
 995  9.20952
 1001  9.25
 1007  9.28511
 1013  9.3148
 1019  9.33901
 1025  9.35771
 1031  9.37085
 1037  9.37841
 1043  9.38039
 1049  9.37677
 1055  9.36757
 1061  9.3528
 1067  9.33248
 1073  9.30666
 1079  9.27537
 1085  9.23868
 1091  9.19665
 1097  9.14935
 1103  9.09686
 1109  9.03929
 1115  8.97673
 1121  8.90928
 1127  8.83707
 1133  8.76022
 1139  8.67886
 1145  8.59314
 1151  8.50318
 1157  8.40915
 1163  8.3112
 1169  8.2095
 1175  8.10421
 1181  7.9955
 1187  7.88354
 1193  7.76852
 1199  7.65061
 1205  7.53
 1211  7.40687
 1217  7.28141
 1223  7.15381
 1229  7.02426
 1235  6.89294
 1241  6.76004
 1247  6.62576
 1253  6.49026
 1259  6.35375
 1265  6.21641
 1271  6.0784
 1277  5.93992
 1283  5.80113
 1289  5.66221
 1295  5.52331
 1301  5.38462
 1307  5.24794
 1313  5.11492
 1319  4.98545
 1325  4.85945
 1331  4.7368
 1337  4.61742
 1343  4.50121
 1349  4.38808
 1355  4.27796
 1361  4.17075
 1367  4.06637
 1373  3.96475
 1379  3.86581
 1385  3.76947
 1391  3.67567
 1397  3.58433
 1403  3.49538
 1409  3.40876
 1415  3.3244
 1421  3.24225
 1427  3.16224
 1433  3.08431
 1439  3.00841
 1445  2.93447
 1451  2.86246
 1457  2.7923
 1463  2.72397
 1469  2.65739
 1475  2.59253
 1481  2.52935
 1487  2.46778
 1493  2.4078
 1499  2.34935
 1505  2.29241
 1511  2.23691
 1517  2.18284
 1523  2.13014
 1529  2.07879
 1535  2.02874
 1541  1.97996
 1547  1.93242
 1553  1.88608
 1559  1.84092
 1565  1.7969
 1571  1.75398
 1577  1.71215
 1583  1.67137
 1589  1.63162
 1595  1.59286
 1601  1.55508
 1607  1.51824
 1613  1.48232
 1619  1.44729
 1625  1.41314
 1631  1.37984
 1637  1.34737
 1643  1.3157
 1649  1.28482
 1655  1.25471
 1661  1.22533
 1667  1.19669
 1673  1.16875
 1679  1.1415
 1685  1.11491
 1691  1.08899
 1697  1.06369
 1703  1.03902
 1709  1.01495
 1715  0.99147
 1721  0.968563
 1727  0.946213
 1733  0.924408
 1739  0.903133
 1745  0.882374
 1751  0.862119
 1757  0.842354
 1763  0.823067
 1769  0.804246
 1775  0.785879
 1781  0.767955
 1787  0.750462
 1793  0.733389
 1799  0.716726
 1805  0.700462
 1811  0.684588
 1817  0.669093
 1823  0.653968
 1829  0.639204
 1835  0.624792
 1841  0.610722
 1847  0.596987
 1853  0.583577
 1859  0.570485
 1865  0.557704
 1871  0.545224
 1877  0.533039
 1883  0.521141
 1889  0.509523
 1895  0.498179
 1901  0.487101
 1907  0.476283
 1913  0.465718
 1919  0.4554
 1925  0.445324
 1931  0.435483
 1937  0.425872
 1943  0.416484
 1949  0.407314
 1955  0.398358
 1961  0.389609
 1967  0.381063
 1973  0.372715
 1979  0.364559
 1985  0.356592
 1991  0.348809
 1997  0.341205

 SI 
 203  0.00123499
 209  0.00141215
 215  0.0016153
 221  0.00184836
 227  0.00211581
 233  0.00242287
 239  0.00277551
 245  0.00318067
 251  0.00364634
 257  0.00418177
 263  0.0047963
 269  0.00549533
 275  0.00628881
 281  0.00718836
 287  0.00820689
 293  0.00935867
 299  0.0106595
 305  0.0121268
 311  0.0137798
 317  0.0156397
 323  0.0177296
 329  0.020075
 335  0.0227039
 341  0.0256468
 347  0.0289369
 353  0.0326105
 359  0.0367072
 365  0.0412697
 371  0.0463445
 377  0.0519819
 383  0.0582362
 389  0.0651661
 395  0.0728344
 401  0.0813091
 407  0.0906626
 413  0.100973
 419  0.112323
 425  0.124801
 431  0.138502
 437  0.153525
 443  0.169978
 449  0.187971
 455  0.207623
 461  0.22906
 467  0.252411
 473  0.277815
 479  0.305414
 485  0.335359
 491  0.367805
 497  0.402914
 503  0.440853
 509  0.481796
 515  0.525919
 521  0.573406
 527  0.624442
 533  0.679218
 539  0.737927
 545  0.800764
 551  0.867926
 557  0.93961
 563  1.01601
 569  1.09733
 575  1.18376
 581  1.2755
 587  1.37271
 593  1.47559
 599  1.58431
 605  1.69904
 611  1.81991
 617  1.94709
 623  2.0807
 629  2.22085
 635  2.36764
 641  2.52115
 647  2.68145
 653  2.84857
 659  3.02254
 665  3.20335
 671  3.39096
 677  3.58533
 683  3.78636
 689  3.99394
 695  4.20793
 701  4.42815
 707  4.6544
 713  4.88643
 719  5.12398
 725  5.36672
 731  5.61434
 737  5.86644
 743  6.12263
 749  6.38246
 755  6.64547
 761  6.91114
 767  7.17896
 773  7.44834
 779  7.71872
 785  7.98947
 791  8.25995
 797  8.52951
 803  8.79746
 809  9.06313
 815  9.32579
 821  9.58475
 827  9.83926
 833  10.0886
 839  10.3321
 845  10.5689
 851  10.7984
 857  11.0199
 863  11.2326
 869  11.4359
 875  11.6292
 881  11.8118
 887  11.983
 893  12.1424
 899  12.2894
 905  12.4235
 911  12.5443
 917  12.6512
 923  12.744
 929  12.8224
 935  12.886
 941  12.9346
 947  12.9681
 953  12.9863
 959  12.9892
 965  12.9767
 971  12.949
 977  12.906
 983  12.8481
 989  12.7752
 995  12.6878
 1001  12.5862
 1007  12.4706
 1013  12.3414
 1019  12.1992
 1025  12.0444
 1031  11.8776
 1037  11.6992
 1043  11.5099
 1049  11.3103
 1055  11.101
 1061  10.8827
 1067  10.6562
 1073  10.422
 1079  10.181
 1085  9.93374
 1091  9.68109
 1097  9.42372
 1103  9.16237
 1109  8.89775
 1115  8.63058
 1121  8.36154
 1127  8.09133
 1133  7.8206
 1139  7.55001
 1145  7.28019
 1151  7.01171
 1157  6.74517
 1163  6.4811
 1169  6.22001
 1175  5.9664
 1181  5.72424
 1187  5.49295
 1193  5.272
 1199  5.0609
 1205  4.85914
 1211  4.6663
 1217  4.48192
 1223  4.3056
 1229  4.13697
 1235  3.97564
 1241  3.82128
 1247  3.67356
 1253  3.53215
 1259  3.39677
 1265  3.26714
 1271  3.14298
 1277  3.02405
 1283  2.9101
 1289  2.8009
 1295  2.69624
 1301  2.59591
 1307  2.49971
 1313  2.40746
 1319  2.31898
 1325  2.2341
 1331  2.15266
 1337  2.0745
 1343  1.99949
 1349  1.92749
 1355  1.85835
 1361  1.79196
 1367  1.7282
 1373  1.66694
 1379  1.6081
 1385  1.55155
 1391  1.49721
 1397  1.44497
 1403  1.39475
 1409  1.34647
 1415  1.30003
 1421  1.25537
 1427  1.21241
 1433  1.17108
 1439  1.13131
 1445  1.09303
 1451  1.05619
 1457  1.02072
 1463  0.986574
 1469  0.953692
 1475  0.922025
 1481  0.891521
 1487  0.862136
 1493  0.833824
 1499  0.806541
 1505  0.780247
 1511  0.754903
 1517  0.730471
 1523  0.706915
 1529  0.6842
 1535  0.662294
 1541  0.641165
 1547  0.620783
 1553  0.601118
 1559  0.582144
 1565  0.563833
 1571  0.54616
 1577  0.529101
 1583  0.512632
 1589  0.496732
 1595  0.481377
 1601  0.466549
 1607  0.452226
 1613  0.438391
 1619  0.425025
 1625  0.41211
 1631  0.39963
 1637  0.387569
 1643  0.375912
 1649  0.364642
 1655  0.353747
 1661  0.343213
 1667  0.333027
 1673  0.323175
 1679  0.313647
 1685  0.304429
 1691  0.295512
 1697  0.286885
 1703  0.278536
 1709  0.270457
 1715  0.262637
 1721  0.255068
 1727  0.247741
 1733  0.240647
 1739  0.233778
 1745  0.227126
 1751  0.220685
 1757  0.214445
 1763  0.208401
 1769  0.202546
 1775  0.196873
 1781  0.191377
 1787  0.18605
 1793  0.180888
 1799  0.175884
 1805  0.171034
 1811  0.166332
 1817  0.161774
 1823  0.157354
 1829  0.153068
 1835  0.148911
 1841  0.144879
 1847  0.140968
 1853  0.137175
 1859  0.133494
 1865  0.129923
 1871  0.126458
 1877  0.123095
 1883  0.119831
 1889  0.116664
 1895  0.113589
 1901  0.110604
 1907  0.107706
 1913  0.104892
 1919  0.102159
 1925  0.0995059
 1931  0.0969289
 1937  0.0944258
 1943  0.0919943
 1949  0.0896323
 1955  0.0873375
 1961  0.0851078
 1967  0.0829413
 1973  0.0808359
 1979  0.0787897
 1985  0.076801
 1991  0.0748679
 1997  0.0729888
