 S 
 203  0.105866
 209  0.113735
 215  0.122215
 221  0.131357
 227  0.141215
 233  0.151848
 239  0.163318
 245  0.175695
 251  0.189054
 257  0.203476
 263  0.21905
 269  0.235871
 275  0.254045
 281  0.273684
 287  0.294913
 293  0.317865
 299  0.342687
 305  0.369538
 311  0.398591
 317  0.430036
 323  0.464077
 329  0.50094
 335  0.540867
 341  0.584127
 347  0.631008
 353  0.681829
 359  0.736934
 365  0.796703
 371  0.861546
 377  0.931914
 383  1.0083
 389  1.09124
 395  1.18133
 401  1.2792
 407  1.38556
 413  1.50117
 419  1.6269
 425  1.76364
 431  1.91242
 437  2.07434
 443  2.25062
 449  2.44258
 455  2.65169
 461  2.87955
 467  3.1279
 473  3.39869
 479  3.69402
 485  4.01623
 491  4.36787
 497  4.75175
 503  5.17097
 509  5.62892
 515  6.12934
 521  6.67635
 527  7.27449
 533  7.92875
 539  8.64464
 545  9.42823
 551  10.2862
 557  11.226
 563  12.2557
 569  13.3843
 575  14.6217
 581  15.9791
 587  17.4683
 593  19.103
 599  20.898
 605  22.865
 611  24.8607
 617  26.7791
 623  28.577
 629  30.2118
 635  31.6428
 641  32.8331
 647  33.7512
 653  34.3719
 659  34.6783
 665  34.6618
 671  34.3228
 677  33.6708
 683  32.7237
 689  31.5073
 695  30.0537
 701  28.4004
 707  26.5882
 713  24.6679
 719  22.854
 725  21.2106
 731  19.7182
 737  18.3601
 743  17.1216
 749  15.9901
 755  14.9544
 761  14.0046
 767  13.1321
 773  12.3293
 779  11.5894
 785  10.9065
 791  10.2752
 797  9.69086
 803  9.14917
 809  8.64637
 815  8.17908
 821  7.74424
 827  7.33913
 833  6.96126
 839  6.60842
 845  6.27859
 851  5.96994
 857  5.68082
 863  5.40972
 869  5.15529
 875  4.91626
 881  4.69152
 887  4.48001
 893  4.28079
 899  4.09299
 905  3.91581
 911  3.74852
 917  3.59045
 923  3.44097
 929  3.29952
 935  3.16558
 941  3.03865
 947  2.91829
 953  2.80409
 959  2.69565
 965  2.59263
 971  2.49469
 977  2.40154
 983  2.31287
 989  2.22844
 995  2.14798
 1001  2.07128
 1007  1.99812
 1013  1.92831
 1019  1.86164
 1025  1.79795
 1031  1.73708
 1037  1.67888
 1043  1.6232
 1049  1.5699
 1055  1.51887
 1061  1.46999
 1067  1.42314
 1073  1.37822
 1079  1.33514
 1085  1.2938
 1091  1.25412
 1097  1.21601
 1103  1.1794
 1109  1.14422
 1115  1.1104
 1121  1.07787
 1127  1.04658
 1133  1.01646
 1139  0.987462
 1145  0.959538
 1151  0.932637
 1157  0.906713
 1163  0.881722
 1169  0.857624
 1175  0.834379
 1181  0.811951
 1187  0.790303
 1193  0.769404
 1199  0.749221
 1205  0.729724
 1211  0.710885
 1217  0.692677
 1223  0.675073
 1229  0.658049
 1235  0.641581
 1241  0.625648
 1247  0.610228
 1253  0.595301
 1259  0.580847
 1265  0.566849
 1271  0.553288
 1277  0.540148
 1283  0.527412
 1289  0.515067
 1295  0.503096
 1301  0.491486
 1307  0.480223
 1313  0.469296
 1319  0.458691
 1325  0.448397
 1331  0.438402
 1337  0.428697
 1343  0.419271
 1349  0.410114
 1355  0.401216
 1361  0.392569
 1367  0.384164
 1373  0.375992
 1379  0.368046
 1385  0.360318
 1391  0.3528
 1397  0.345487
 1403  0.33837
 1409  0.331443
 1415  0.324701
 1421  0.318136
 1427  0.311744
 1433  0.305519
 1439  0.299455
 1445  0.293548
 1451  0.287791
 1457  0.282182
 1463  0.276714
 1469  0.271384
 1475  0.266188
 1481  0.26112
 1487  0.256178
 1493  0.251358
 1499  0.246655
 1505  0.242066
 1511  0.237589
 1517  0.233219
 1523  0.228953
 1529  0.224789
 1535  0.220724
 1541  0.216753
 1547  0.212876
 1553  0.209089
 1559  0.205389
 1565  0.201774
 1571  0.198242
 1577  0.194791
 1583  0.191417
 1589  0.18812
 1595  0.184896
 1601  0.181744
 1607  0.178662
 1613  0.175648
 1619  0.1727
 1625  0.169816
 1631  0.166995
 1637  0.164235
 1643  0.161534
 1649  0.158891
 1655  0.156304
 1661  0.153771
 1667  0.151293
 1673  0.148866
 1679  0.146489
 1685  0.144162
 1691  0.141883
 1697  0.139651
 1703  0.137465
 1709  0.135323
 1715  0.133225
 1721  0.131168
 1727  0.129153
 1733  0.127179
 1739  0.125243
 1745  0.123346
 1751  0.121487
 1757  0.119663
 1763  0.117876
 1769  0.116123
 1775  0.114404
 1781  0.112718
 1787  0.111064
 1793  0.109442
 1799  0.107851
 1805  0.10629
 1811  0.104758
 1817  0.103255
 1823  0.10178
 1829  0.100332
 1835  0.0989116
 1841  0.0975169
 1847  0.0961479
 1853  0.0948039
 1859  0.0934843
 1865  0.0921886
 1871  0.0909162
 1877  0.0896667
 1883  0.0884396
 1889  0.0872343
 1895  0.0860504
 1901  0.0848874
 1907  0.0837448
 1913  0.0826223
 1919  0.0815193
 1925  0.0804355
 1931  0.0793704
 1937  0.0783237
 1943  0.077295
 1949  0.0762838
 1955  0.0752899
 1961  0.0743128
 1967  0.0733522
 1973  0.0724077
 1979  0.0714791
 1985  0.070566
 1991  0.0696681
 1997  0.0687851

 SI 
 203  1.32892
 209  1.39085
 215  1.45573
 221  1.5237
 227  1.59491
 233  1.66951
 239  1.74768
 245  1.82959
 251  1.91541
 257  2.00535
 263  2.0996
 269  2.19837
 275  2.30188
 281  2.41037
 287  2.52408
 293  2.64327
 299  2.7682
 305  2.89916
 311  3.03645
 317  3.18037
 323  3.33126
 329  3.48946
 335  3.65532
 341  3.82924
 347  4.01161
 353  4.20284
 359  4.40338
 365  4.61369
 371  4.83426
 377  5.06559
 383  5.30822
 389  5.56272
 395  5.82967
 401  6.10971
 407  6.40348
 413  6.71167
 419  7.03501
 425  7.37425
 431  7.73019
 437  8.10367
 443  8.49557
 449  8.90683
 455  9.33841
 461  9.79134
 467  10.2667
 473  10.7656
 479  11.2893
 485  11.839
 491  12.416
 497  13.0217
 503  13.6576
 509  14.3252
 515  15.0262
 521  15.7621
 527  16.5348
 533  17.3463
 539  18.1983
 545  19.0932
 551  20.0329
 557  21.0198
 563  22.0564
 569  23.1452
 575  24.2889
 581  25.4903
 587  26.7523
 593  28.0781
 599  29.4711
 605  30.9345
 611  32.4722
 617  34.0827
 623  35.5197
 629  36.6152
 635  37.3344
 641  37.6542
 647  37.5641
 653  37.0672
 659  36.1795
 665  34.9295
 671  33.3563
 677  31.5079
 683  29.4386
 689  27.2064
 695  24.8704
 701  22.495
 707  20.2994
 713  18.3424
 719  16.5953
 725  15.0336
 731  13.6355
 737  12.3822
 743  11.2572
 749  10.246
 755  9.33607
 761  8.51617
 767  7.77651
 773  7.10845
 779  6.50436
 785  5.95751
 791  5.46191
 797  5.01229
 803  4.60394
 809  4.2327
 815  3.89484
 821  3.58707
 827  3.30643
 833  3.05029
 839  2.8163
 845  2.60233
 851  2.40651
 857  2.22713
 863  2.06268
 869  1.91179
 875  1.77322
 881  1.64586
 887  1.52872
 893  1.42089
 899  1.32156
 905  1.22998
 911  1.14549
 917  1.06748
 923  0.995408
 929  0.928773
 935  0.867122
 941  0.810044
 947  0.757165
 953  0.708143
 959  0.662669
 965  0.620459
 971  0.581254
 977  0.544819
 983  0.510937
 989  0.479411
 995  0.450059
 1001  0.422718
 1007  0.397233
 1013  0.373467
 1019  0.351291
 1025  0.330588
 1031  0.311249
 1037  0.293176
 1043  0.276277
 1049  0.260467
 1055  0.24567
 1061  0.231813
 1067  0.218831
 1073  0.206662
 1079  0.19525
 1085  0.184543
 1091  0.174494
 1097  0.165057
 1103  0.156191
 1109  0.147858
 1115  0.140023
 1121  0.132652
 1127  0.125716
 1133  0.119186
 1139  0.113036
 1145  0.10724
 1151  0.101778
 1157  0.0966269
 1163  0.0917679
 1169  0.0871824
 1175  0.0828535
 1181  0.0787653
 1187  0.074903
 1193  0.0712528
 1199  0.0678018
 1205  0.064538
 1211  0.0614502
 1217  0.0585279
 1223  0.0557612
 1229  0.053141
 1235  0.0506588
 1241  0.0483064
 1247  0.0460764
 1253  0.0439617
 1259  0.0419558
 1265  0.0400524
 1271  0.0382458
 1277  0.0365305
 1283  0.0349013
 1289  0.0333536
 1295  0.0318828
 1301  0.0304847
 1307  0.0291553
 1313  0.0278908
 1319  0.0266879
 1325  0.025543
 1331  0.0244532
 1337  0.0234156
 1343  0.0224272
 1349  0.0214857
 1355  0.0205884
 1361  0.0197332
 1367  0.0189177
 1373  0.0181401
 1379  0.0173982
 1385  0.0166904
 1391  0.0160149
 1397  0.01537
 1403  0.0147543
 1409  0.0141662
 1415  0.0136044
 1421  0.0130675
 1427  0.0125544
 1433  0.0120639
 1439  0.0115949
 1445  0.0111464
 1451  0.0107173
 1457  0.0103067
 1463  0.00991375
 1469  0.00953762
 1475  0.00917748
 1481  0.0088326
 1487  0.00850225
 1493  0.00818577
 1499  0.00788249
 1505  0.00759182
 1511  0.00731317
 1517  0.00704599
 1523  0.00678976
 1529  0.00654398
 1535  0.00630818
 1541  0.00608192
 1547  0.00586475
 1553  0.00565629
 1559  0.00545614
 1565  0.00526393
 1571  0.00507932
 1577  0.00490198
 1583  0.00473158
 1589  0.00456782
 1595  0.00441043
 1601  0.00425912
 1607  0.00411363
 1613  0.00397372
 1619  0.00383915
 1625  0.00370969
 1631  0.00358514
 1637  0.00346527
 1643  0.0033499
 1649  0.00323884
 1655  0.00313192
 1661  0.00302895
 1667  0.00292978
 1673  0.00283426
 1679  0.00274223
 1685  0.00265356
 1691  0.0025681
 1697  0.00248573
 1703  0.00240633
 1709  0.00232977
 1715  0.00225595
 1721  0.00218476
 1727  0.00211608
 1733  0.00204983
 1739  0.0019859
 1745  0.00192422
 1751  0.00186468
 1757  0.00180721
 1763  0.00175173
 1769  0.00169817
 1775  0.00164644
 1781  0.00159648
 1787  0.00154822
 1793  0.0015016
 1799  0.00145655
 1805  0.00141303
 1811  0.00137096
 1817  0.0013303
 1823  0.00129099
 1829  0.00125298
 1835  0.00121624
 1841  0.0011807
 1847  0.00114633
 1853  0.00111308
 1859  0.00108091
 1865  0.00104979
 1871  0.00101968
 1877  0.000990529
 1883  0.000962319
 1889  0.000935011
 1895  0.000908572
 1901  0.000882974
 1907  0.000858185
 1913  0.000834177
 1919  0.000810924
 1925  0.000788398
 1931  0.000766576
 1937  0.000745431
 1943  0.000724941
 1949  0.000705084
 1955  0.000685838
 1961  0.000667182
 1967  0.000649095
 1973  0.00063156
 1979  0.000614556
 1985  0.000598066
 1991  0.000582074
 1997  0.000566561
