 S 
 203  0.189664
 209  0.203275
 215  0.217919
 221  0.233681
 227  0.250648
 233  0.268919
 239  0.2886
 245  0.309805
 251  0.332658
 257  0.357296
 263  0.383865
 269  0.412525
 275  0.44345
 281  0.476828
 287  0.512865
 293  0.551784
 299  0.59383
 305  0.639266
 311  0.688383
 317  0.741493
 323  0.798941
 329  0.861101
 335  0.928379
 341  1.00122
 347  1.08011
 353  1.16559
 359  1.25822
 365  1.35865
 371  1.46756
 377  1.58571
 383  1.71394
 389  1.85314
 395  2.00431
 401  2.16854
 407  2.34702
 413  2.54105
 419  2.75206
 425  2.98163
 431  3.23147
 437  3.50348
 443  3.79973
 449  4.12251
 455  4.47432
 461  4.85793
 467  5.27637
 473  5.73297
 479  6.23142
 485  6.77577
 491  7.37048
 497  8.02046
 503  8.73116
 509  9.50856
 515  10.3593
 521  11.2906
 527  12.3106
 533  13.4282
 539  14.6533
 545  15.9968
 551  17.4707
 557  19.0886
 563  20.8651
 569  22.8168
 575  24.9619
 581  27.3207
 587  29.9156
 593  32.7716
 599  35.9165
 605  39.2324
 611  42.4777
 617  45.5849
 623  48.4871
 629  51.1183
 635  53.416
 641  55.3237
 647  56.7932
 653  57.7865
 659  58.2775
 665  58.2532
 671  57.7144
 677  56.6753
 683  55.163
 689  53.2165
 695  50.8851
 701  48.2258
 707  45.3015
 713  42.1785
 719  39.0194
 725  36.1478
 731  33.5512
 737  31.1975
 743  29.059
 749  27.1116
 755  25.3345
 761  23.7094
 767  22.2203
 773  20.8535
 779  19.5965
 785  18.4385
 791  17.3701
 797  16.3826
 803  15.4687
 809  14.6214
 815  13.835
 821  13.104
 827  12.4236
 833  11.7895
 839  11.1978
 845  10.6451
 851  10.1282
 857  9.64422
 863  9.19061
 869  8.76501
 875  8.36529
 881  7.98953
 887  7.63594
 893  7.30291
 899  6.98898
 905  6.69279
 911  6.41311
 917  6.1488
 923  5.89883
 929  5.66222
 935  5.43811
 941  5.22567
 947  5.02415
 953  4.83287
 959  4.65118
 965  4.47849
 971  4.31424
 977  4.15793
 983  4.00908
 989  3.86726
 995  3.73204
 1001  3.60306
 1007  3.47996
 1013  3.3624
 1019  3.25009
 1025  3.14272
 1031  3.04002
 1037  2.94176
 1043  2.84769
 1049  2.75758
 1055  2.67124
 1061  2.58847
 1067  2.50908
 1073  2.43291
 1079  2.35979
 1085  2.28957
 1091  2.22211
 1097  2.15728
 1103  2.09494
 1109  2.03499
 1115  1.9773
 1121  1.92177
 1127  1.8683
 1133  1.8168
 1139  1.76717
 1145  1.71934
 1151  1.67321
 1157  1.62873
 1163  1.5858
 1169  1.54437
 1175  1.50438
 1181  1.46575
 1187  1.42843
 1193  1.39237
 1199  1.35752
 1205  1.32382
 1211  1.29122
 1217  1.25969
 1223  1.22917
 1229  1.19964
 1235  1.17104
 1241  1.14334
 1247  1.11651
 1253  1.09052
 1259  1.06532
 1265  1.0409
 1271  1.01722
 1277  0.994246
 1283  0.971963
 1289  0.950341
 1295  0.929355
 1301  0.908983
 1307  0.889203
 1313  0.869992
 1319  0.851331
 1325  0.8332
 1331  0.81558
 1337  0.798454
 1343  0.781804
 1349  0.765614
 1355  0.749868
 1361  0.73455
 1367  0.719648
 1373  0.705146
 1379  0.691031
 1385  0.67729
 1391  0.663912
 1397  0.650883
 1403  0.638193
 1409  0.625832
 1415  0.613787
 1421  0.60205
 1427  0.59061
 1433  0.579458
 1439  0.568585
 1445  0.557983
 1451  0.547642
 1457  0.537556
 1463  0.527716
 1469  0.518114
 1475  0.508745
 1481  0.4996
 1487  0.490672
 1493  0.481957
 1499  0.473446
 1505  0.465135
 1511  0.457017
 1517  0.449088
 1523  0.44134
 1529  0.43377
 1535  0.426372
 1541  0.419141
 1547  0.412073
 1553  0.405163
 1559  0.398407
 1565  0.3918
 1571  0.385339
 1577  0.379018
 1583  0.372836
 1589  0.366787
 1595  0.360868
 1601  0.355076
 1607  0.349407
 1613  0.343859
 1619  0.338427
 1625  0.333109
 1631  0.327902
 1637  0.322803
 1643  0.317809
 1649  0.312918
 1655  0.308126
 1661  0.303432
 1667  0.298833
 1673  0.294326
 1679  0.28991
 1685  0.285581
 1691  0.281338
 1697  0.277179
 1703  0.273102
 1709  0.269104
 1715  0.265184
 1721  0.261339
 1727  0.257569
 1733  0.25387
 1739  0.250243
 1745  0.246684
 1751  0.243192
 1757  0.239766
 1763  0.236403
 1769  0.233104
 1775  0.229866
 1781  0.226687
 1787  0.223567
 1793  0.220503
 1799  0.217496
 1805  0.214543
 1811  0.211643
 1817  0.208795
 1823  0.205998
 1829  0.203251
 1835  0.200552
 1841  0.197901
 1847  0.195297
 1853  0.192738
 1859  0.190223
 1865  0.187753
 1871  0.185324
 1877  0.182938
 1883  0.180592
 1889  0.178286
 1895  0.17602
 1901  0.173791
 1907  0.1716
 1913  0.169446
 1919  0.167328
 1925  0.165245
 1931  0.163196
 1937  0.161181
 1943  0.159199
 1949  0.157249
 1955  0.155332
 1961  0.153445
 1967  0.151588
 1973  0.149762
 1979  0.147965
 1985  0.146196
 1991  0.144456
 1997  0.142743

 SI 
 203  1.36593
 209  1.4396
 215  1.51733
 221  1.59934
 227  1.68588
 233  1.7772
 239  1.87357
 245  1.97528
 251  2.08262
 257  2.19592
 263  2.31551
 269  2.44176
 275  2.57503
 281  2.71573
 287  2.86429
 293  3.02113
 299  3.18675
 305  3.36164
 311  3.54634
 317  3.74139
 323  3.9474
 329  4.16498
 335  4.39482
 341  4.63761
 347  4.89409
 353  5.16506
 359  5.45135
 365  5.75384
 371  6.07348
 377  6.41124
 383  6.76818
 389  7.14542
 395  7.54412
 401  7.96555
 407  8.41101
 413  8.88191
 419  9.37973
 425  9.90605
 431  10.4625
 437  11.0509
 443  11.6731
 449  12.331
 455  13.0269
 461  13.7628
 467  14.5412
 473  15.3645
 479  16.2354
 485  17.1567
 491  18.1315
 497  19.1627
 503  20.2539
 509  21.4085
 515  22.6304
 521  23.9234
 527  25.2919
 533  26.7403
 539  28.2735
 545  29.8964
 551  31.6144
 557  33.4332
 563  35.3589
 569  37.3979
 575  39.5569
 581  41.8432
 587  44.2645
 593  46.8288
 599  49.5448
 605  52.4217
 611  55.3665
 617  57.9544
 623  60.0783
 629  61.6794
 635  62.7125
 641  63.148
 647  62.9733
 653  62.1935
 659  60.831
 665  58.9246
 671  56.5275
 677  53.705
 683  50.5314
 689  47.0868
 695  43.4538
 701  39.7145
 707  35.9469
 713  32.3402
 719  29.1596
 725  26.3554
 731  23.8758
 737  21.6772
 743  19.7225
 749  17.9803
 755  16.4237
 761  15.0297
 767  13.7785
 773  12.6531
 779  11.6386
 785  10.7225
 791  9.89351
 797  9.14201
 803  8.45955
 809  7.83872
 815  7.27302
 821  6.75675
 827  6.28484
 833  5.85285
 839  5.45683
 845  5.09328
 851  4.75909
 857  4.45147
 863  4.16797
 869  3.90636
 875  3.66468
 881  3.44113
 887  3.23414
 893  3.04225
 899  2.86419
 905  2.69879
 911  2.54498
 917  2.40182
 923  2.26845
 929  2.14407
 935  2.02798
 941  1.91953
 947  1.81813
 953  1.72325
 959  1.63438
 965  1.55109
 971  1.47296
 977  1.39962
 983  1.33072
 989  1.26595
 995  1.20502
 1001  1.14765
 1007  1.09361
 1013  1.04267
 1019  0.994618
 1025  0.949261
 1031  0.906424
 1037  0.865941
 1043  0.82766
 1049  0.791442
 1055  0.757154
 1061  0.724676
 1067  0.693896
 1073  0.664709
 1079  0.637018
 1085  0.610734
 1091  0.585772
 1097  0.562053
 1103  0.539506
 1109  0.518061
 1115  0.497656
 1121  0.478231
 1127  0.459731
 1133  0.442104
 1139  0.425302
 1145  0.409278
 1151  0.393991
 1157  0.379401
 1163  0.36547
 1169  0.352163
 1175  0.339447
 1181  0.327292
 1187  0.315668
 1193  0.304549
 1199  0.293907
 1205  0.283719
 1211  0.273962
 1217  0.264615
 1223  0.255658
 1229  0.247071
 1235  0.238836
 1241  0.230936
 1247  0.223355
 1253  0.216078
 1259  0.209091
 1265  0.20238
 1271  0.195932
 1277  0.189735
 1283  0.183777
 1289  0.178048
 1295  0.172538
 1301  0.167235
 1307  0.162132
 1313  0.157219
 1319  0.152488
 1325  0.147931
 1331  0.143541
 1337  0.139309
 1343  0.135231
 1349  0.131298
 1355  0.127505
 1361  0.123846
 1367  0.120315
 1373  0.116908
 1379  0.113618
 1385  0.110442
 1391  0.107374
 1397  0.10441
 1403  0.101547
 1409  0.098779
 1415  0.0961037
 1421  0.093517
 1427  0.0910155
 1433  0.0885958
 1439  0.0862549
 1445  0.0839895
 1451  0.081797
 1457  0.0796745
 1463  0.0776193
 1469  0.075629
 1475  0.0737012
 1481  0.0718334
 1487  0.0700236
 1493  0.0682696
 1499  0.0665693
 1505  0.0649209
 1511  0.0633224
 1517  0.061772
 1523  0.0602682
 1529  0.0588091
 1535  0.0573933
 1541  0.0560191
 1547  0.0546853
 1553  0.0533903
 1559  0.0521328
 1565  0.0509116
 1571  0.0497255
 1577  0.0485731
 1583  0.0474534
 1589  0.0463654
 1595  0.0453079
 1601  0.0442799
 1607  0.0432804
 1613  0.0423086
 1619  0.0413635
 1625  0.0404442
 1631  0.03955
 1637  0.03868
 1643  0.0378334
 1649  0.0370095
 1655  0.0362075
 1661  0.0354269
 1667  0.0346668
 1673  0.0339268
 1679  0.033206
 1685  0.032504
 1691  0.0318202
 1697  0.0311541
 1703  0.030505
 1709  0.0298724
 1715  0.029256
 1721  0.0286551
 1727  0.0280693
 1733  0.0274982
 1739  0.0269413
 1745  0.0263983
 1751  0.0258686
 1757  0.025352
 1763  0.024848
 1769  0.0243563
 1775  0.0238765
 1781  0.0234083
 1787  0.0229513
 1793  0.0225053
 1799  0.0220699
 1805  0.0216448
 1811  0.0212297
 1817  0.0208244
 1823  0.0204286
 1829  0.0200419
 1835  0.0196643
 1841  0.0192954
 1847  0.0189349
 1853  0.0185827
 1859  0.0182386
 1865  0.0179022
 1871  0.0175735
 1877  0.0172521
 1883  0.016938
 1889  0.0166308
 1895  0.0163305
 1901  0.0160368
 1907  0.0157496
 1913  0.0154687
 1919  0.015194
 1925  0.0149252
 1931  0.0146623
 1937  0.014405
 1943  0.0141533
 1949  0.0139069
 1955  0.0136658
 1961  0.0134299
 1967  0.0131989
 1973  0.0129728
 1979  0.0127515
 1985  0.0125347
 1991  0.0123225
 1997  0.0121147
